х,1,2, 2,6, 3,18, 6,1
ха,0,4, 1,6, 2,3, 3,15, 7,9, 8,45
хаживал,0,2, 6,1, 9,1
хаживали,6,1
халат,0,1, 1,3, 2,3, 3,1, 4,10, 6,2, 8,2
халата,1,1, 4,5, 6,1, 8,2
халатах,1,1, 2,1, 4,3
халате,0,4, 1,11, 2,3, 3,6, 4,10, 6,4, 8,3
халатик,4,1
халатике,6,1
халатов,1,1
халатом,4,2
халаты,1,1
хам,6,2
хамил,4,1
хамить,4,2
хамов,9,2
хамовниках,3,1
хамовники,3,1
хамовников,3,1
хамом,6,1
хамском,4,1
хамств,4,1
хамство,4,1, 9,1
хамы,6,1
хандра,8,1, 9,1
хандриков,1,1
хандрит,8,1
хандру,9,1
хандры,1,1, 8,1
ханжество,6,1
ханжой,9,1
ханский,8,1
хаос,0,1, 6,3, 7,4, 9,3
хаоса,7,1
хаосе,4,1, 9,1
хапугу,6,1
характер,0,3, 1,10, 2,9, 3,7, 6,27, 7,26, 8,12, 9,12
характера,0,2, 1,4, 2,2, 3,8, 6,22, 7,7, 8,9, 9,10
характерам,0,1
характерами,6,1, 9,1
характерах,3,1
характере,0,1, 2,1, 6,6, 7,3, 8,6, 9,5
характерен,6,2, 9,2
характеристика,3,1, 6,1
характеристике,6,2
характеристики,6,3, 7,1, 9,2
характеристику,2,1, 4,1, 6,2, 9,1
характерная,0,1, 6,4, 9,1
характернее,6,1, 7,1
характернейшая,6,1
характернейший,6,1
характернейших,6,1
характерно,6,5, 9,2
характерноблагородными,0,1
характерного,9,1
характерное,6,2, 7,1, 9,1
характерной,6,2
характерном,7,1
характерность,6,1
характерную,6,1
характерным,6,2
характерными,6,2
характерных,6,1, 9,2
характеров,2,1, 3,1, 6,2, 9,1
характером,3,3, 6,13, 7,12, 8,6, 9,2
характерс,6,1
характеру,0,1, 2,1, 3,1, 6,5, 7,1, 8,1, 9,2
характеры,1,1, 3,2, 6,1, 7,1
хари,6,1
харит,6,1
харона,2,1
хартию,4,1
харчевней,9,1
харчевни,3,1
харчевня,9,1
харькове,4,3
харьковская,6,1
харя,6,4, 9,1
хасмонейский,4,2
хатова,9,1
хатове,9,2
хатово,9,1
хатовос,9,1
хатову,9,2
хаха,6,9, 7,18, 9,7
хахаха,0,1, 1,1, 2,1, 5,1, 6,5, 7,12, 8,3, 9,9
хахахаха,3,1
хашиша,7,1
хвала,6,1
хвалебный,6,1
хваленое,8,1, 9,1
хваленую,0,1
хвали,6,1
хвалил,1,2, 2,2, 6,1, 7,1, 8,4
хвалила,1,1, 3,2, 7,1, 8,1
хвалилась,7,1, 8,2
хвалили,6,2, 7,1, 9,3
хвалились,7,1
хвалился,6,1, 8,2, 9,1
хвалимся,6,1, 7,1
хвалит,6,1, 8,2
хвалите,6,1, 8,1, 9,3
хвалитесь,7,1
хвалится,6,2, 7,1, 8,1
хвалить,0,1, 4,1, 5,1, 6,3, 7,1, 8,5, 9,1
хвалитьсято,9,1
хвалы,6,1
хвалю,6,1, 7,1, 8,2, 9,2
хваля,3,2, 6,3
хвалясь,0,1, 7,1
хвалят,3,1, 6,1, 7,1, 8,2
хвалятся,1,1
хвастает,0,1
хвастаетесь,9,1
хвастается,9,1
хвастайся,8,1
хвасталась,8,1
хвастался,3,1, 6,1, 7,2, 9,1
хвастаться,0,1, 8,1
хвастаясь,0,1, 7,1
хвастливом,7,1
хвастливый,2,1
хвастливым,9,1
хвастовства,0,1, 7,1
хвастовстве,6,1
хвастовство,7,2
хвастун,6,1
хвастунишка,0,1, 6,1
хвастунишкой,5,2
хвастунишку,5,2
хвастуну,4,1
хватает,1,2, 4,2, 5,1, 6,2, 9,1
хватаетесь,9,1
хватается,3,1, 6,1
хватаешь,4,1
хватал,0,1, 7,1
хватала,4,1
хваталась,8,1
хватали,0,1, 4,1
хватало,4,3, 5,1, 7,1
хватался,1,1, 4,1
хватать,8,1, 9,1
хвататься,0,1, 4,2, 6,1, 9,1
хватают,2,2, 6,2
хватающая,0,1
хватая,0,5, 1,2, 2,3, 7,4, 8,2, 9,2
хватаясь,0,1, 1,1, 2,1, 3,3, 4,2, 7,3, 8,1, 9,1
хватившейся,2,1
хватил,4,2, 5,1, 6,3, 7,1, 9,1
хватила,4,1
хватилась,6,1, 9,1
хватились,7,2, 9,1
хватило,4,2, 5,2, 6,9, 7,1
хватился,6,1
хватим,0,1
хватит,0,1, 1,1, 4,1, 5,6, 6,5, 7,1, 9,7
хватитека,0,1
хватить,4,1
хватишься,4,1
хваткой,1,1
хвать,2,1, 4,1, 7,2, 8,1
хватятся,4,2
хведор,2,2
хворает,8,1
хворайте,1,1
хворал,7,1, 8,1
хворала,6,1
хворали,8,1
хворать,6,2, 9,1
хвораю,6,1
хворая,7,1
хворост,0,1
хворостины,2,1
хворый,6,3
хворь,4,1
хвост,0,1, 1,6, 2,1, 3,2, 4,6, 5,3, 6,3, 8,1, 9,2
хвоста,4,1, 5,5, 6,1, 7,3
хвостам,5,1
хвосте,0,1, 4,1, 8,1
хвостик,5,2, 6,1, 7,1
хвостики,5,1, 6,3
хвостикито,6,1
хвостиков,1,3
хвостикову,1,1
хвостиком,4,1
хвостище,6,1
хвостов,3,1
хвостом,0,4, 1,7, 2,1, 3,2, 4,2, 5,3, 6,6, 7,3, 8,2
хвостто,6,1
хвосту,5,1, 6,1, 7,1
хвосты,4,1, 6,1, 9,1
хе,1,1, 7,5, 8,10
хевровским,4,1
хеврон,4,1
хевронских,4,2
хер,6,1
херубиниевской,1,1
херувим,6,6
херувима,9,1
херувимов,6,1, 9,1
херувимом,6,1
херувимской,6,1
херувимчики,6,1
хехе,6,6, 7,14, 9,6
хехехе,4,1, 6,7, 7,8, 9,1
хижине,5,2
хижину,5,3
хижины,5,3, 7,1
хилая,5,1
хилые,6,1
хилый,6,1
хилых,6,1
химера,0,1
химии,1,1, 3,1, 9,1
химическая,6,1
химические,3,2
химических,4,1
химического,3,2, 9,1
химическую,6,1
химия,6,4
хирург,4,1
хитер,6,2, 8,1, 9,5
хитон,4,2
хитоне,4,2
хитоны,4,1
хитра,2,1, 9,1
хитрая,5,1, 6,1, 7,2, 8,1
хитрее,1,1, 9,1
хитрейшею,9,1
хитрейшим,6,1
хитрец,7,3, 8,1, 9,1
хитри,8,2
хитрил,8,2, 9,2
хитрили,7,1
хитрим,8,1
хитрить,0,1, 5,1, 7,2, 8,2, 9,1
хитришь,6,1
хитро,2,3, 4,1, 6,4, 7,4, 8,2, 9,2
хитровесело,1,1
хитрого,0,2, 3,1, 7,1, 9,1
хитрое,4,1, 6,1, 7,3, 8,1, 9,1
хитрой,2,1
хитросплетенные,2,1, 3,1
хитрости,2,1, 3,1, 6,5, 7,1, 8,4, 9,2
хитростию,9,1
хитрость,0,2, 1,1, 2,2, 3,2, 4,1, 6,2, 7,1, 8,7, 9,1
хитростьто,6,1
хитростью,1,1, 2,4, 3,1
хитростями,2,1, 6,1
хитроумный,4,1
хитрою,0,3, 7,1, 9,2
хитрую,4,1
хитры,9,3
хитрый,1,1, 3,3, 4,1, 6,1, 7,3, 8,5, 9,5
хитрым,0,1, 3,1, 4,1, 6,1
хитрыми,1,1, 9,1
хитрых,2,1
хитрю,8,2
хитрят,9,3
хихи,6,8, 7,2
хихикал,6,2, 7,1, 8,1
хихиканье,7,1, 9,1
хихиканьем,9,1
хихикать,7,1
хихикая,6,3, 9,2
хихикнул,4,1, 6,3, 7,1
хихикнула,9,1
хихикнуть,9,1
хихихи,5,3, 7,1
хищный,4,1, 5,1
хищным,4,1, 9,1
хищными,4,1
хищных,5,2
хладнокровен,9,1
хладнокровие,6,2, 7,1, 9,1
хладнокровием,6,3
хладнокровию,7,1
хладнокровнее,6,1, 9,1
хладнокровно,2,1, 5,1, 6,4, 7,2, 8,2, 9,4
хладнокровный,7,3
хламиде,4,3
хламиды,4,1
хлеб,0,1, 1,2, 2,11, 3,2, 4,4, 5,2, 6,7, 7,4, 8,3, 9,5
хлеба,1,4, 2,14, 3,2, 5,5, 6,22, 7,9, 8,9, 9,3
хлебами,6,1
хлебасоли,0,1, 2,1
хлебать,4,1
хлебах,6,1
хлебе,3,1, 7,1
хлебец,0,1, 6,1
хлебка,9,1
хлебнем,6,1
хлебной,4,1
хлебнув,4,2, 6,1
хлебнула,6,1
хлебный,4,3
хлебов,2,1, 3,2
хлебом,2,1, 3,1, 4,1, 6,8, 7,1, 8,1, 9,3
хлебомсолью,1,1
хлебопашцах,1,1
хлебопашцы,1,1
хлебосола,6,1
хлебосольно,1,1
хлебосольству,9,1
хлебсоль,1,2, 2,1, 9,1
хлебу,4,1, 6,1, 9,1
хлебушка,6,1
хлебца,6,2, 9,2
хлебы,6,11
хлестакова,6,1
хлестал,3,1, 4,1, 5,1
хлестало,4,1
хлестать,4,1
хлестнувшими,4,1
хлестнула,7,2
хлестова,8,1
хлеща,2,1, 5,1
хлещет,4,1
хлоп,3,1
хлопал,7,1, 9,1
хлопала,6,1
хлопали,2,1, 5,1, 9,2
хлопать,1,3, 2,1, 7,1
хлопая,1,2, 2,1, 4,1, 7,1
хлопец,4,1
хлопнув,0,1, 2,2, 4,1, 8,1
хлопнувшая,4,1
хлопнул,1,2, 4,8, 6,3
хлопнула,0,1, 4,2, 7,2, 8,2, 9,2
хлопнуло,4,2
хлопок,6,1
хлопот,0,1, 2,2, 5,1, 6,3, 7,5, 8,5, 9,4
хлопотавшая,1,1
хлопотавшим,8,1
хлопотал,1,2, 3,1, 6,2, 7,2, 8,4, 9,4
хлопотала,2,1, 5,1, 7,2
хлопотали,0,1, 2,1, 9,3
хлопотами,6,1, 7,1, 8,2
хлопотать,7,1, 8,2
хлопотах,2,2, 4,2, 6,1, 8,2, 9,4
хлопотливая,9,1
хлопотливее,2,1, 7,2
хлопотливо,0,1, 2,1, 3,1, 6,1, 7,1, 8,1
хлопотливовозбужденное,0,1
хлопотливого,7,1
хлопотливое,6,1, 9,3
хлопотливом,9,1
хлопотливости,2,1
хлопотливостью,2,2
хлопотливою,7,1, 9,1
хлопотливую,9,2
хлопотливые,9,1
хлопотливый,7,4, 9,1
хлопотливым,8,1
хлопотливыми,7,1
хлопотницу,9,1
хлопоты,0,3, 1,1, 2,1, 3,3, 6,3, 7,3, 8,4, 9,2
хлопоча,7,1
хлопочем,7,1
хлопочет,1,1, 6,1, 7,2, 8,2, 9,1
хлопочете,9,2
хлопочешь,8,1
хлопочи,6,1
хлопочу,1,1
хлопочут,1,1, 2,2, 8,1
хлопушками,5,1
хлопушки,2,1, 5,1
хлопьями,6,1
хлороформом,4,1
хлудяковы,7,1
хлынул,2,1, 4,3
хлынула,0,1, 1,1, 2,1, 4,2, 9,1
хлынули,4,1, 6,1, 8,2, 9,5
хлынуло,4,4, 7,1, 9,2
хлыст,7,1
хлыстовщина,7,1
хлыстовщину,6,2, 7,1
хмелел,6,1, 7,1, 8,2
хмелен,7,2, 8,1
хмелеть,6,1
хмелея,6,1
хмель,9,1
хмельная,6,1, 9,1
хмельного,7,2
хмельной,6,1, 7,4, 8,3, 9,1
хмельном,6,1, 7,1
хмельному,6,1
хмельны,6,1
хмельные,7,3
хмельныес,7,1
хмельными,4,1
хмелю,7,2
хмеля,4,1, 6,1
хмурил,6,1
хмурилась,7,1
хмурились,2,1, 3,1, 6,1, 7,2, 9,2
хмурился,0,3, 2,1, 3,1, 6,1, 7,2, 8,2, 9,1
хмурит,6,2
хмурится,7,1, 8,1, 9,1
хмуриться,0,1, 7,1
хмуришьсято,6,1
хмуро,4,4
хмурый,6,2
хмурься,7,1
хмуря,2,1, 9,1
хмурясь,0,1, 1,4, 2,1, 3,2
хмыкнул,4,1
хныкал,8,1, 9,1
хныкали,8,1
хныкать,6,1, 9,1
хныча,8,1
хнычет,4,1, 7,2
хнычь,9,1
хобот,0,1
хоботе,0,1
хогошо,2,1, 3,2
ход,0,6, 1,6, 2,11, 3,5, 4,9, 5,2, 6,4, 7,1, 8,1, 9,8
хода,0,3, 1,1, 2,8, 3,3, 4,4, 6,2, 7,1
ходами,9,1
ходатай,7,1
ходатайства,1,1, 4,2
ходатайствовала,1,1
ходатайствуете,9,1
ходатайствуют,7,1
ходах,2,1
ходе,0,3, 1,2, 2,7, 4,1, 6,2, 9,1
ходи,1,1, 2,1, 6,6, 7,2, 8,8
ходившая,1,1, 2,1, 9,1
ходившего,3,1, 9,1
ходившей,8,1
ходившем,0,1
ходившему,3,1
ходившие,1,1, 2,2, 7,1
ходивший,1,1, 2,2, 9,3
ходил,0,12, 1,12, 2,17, 3,9, 4,1, 5,2, 6,29, 7,20, 8,28, 9,15
ходила,0,1, 1,7, 2,4, 3,1, 6,5, 7,9, 8,27, 9,7
ходили,0,1, 1,7, 2,9, 3,3, 4,1, 5,2, 6,6, 7,7, 8,3, 9,4
ходило,2,1, 6,4
ходилс,6,1
ходилто,6,1
ходим,2,1, 6,2
ходит,0,1, 1,3, 3,2, 4,3, 5,2, 6,24, 7,8, 8,16, 9,4
ходите,2,1, 4,1, 6,5, 7,1, 8,1, 9,4
ходить,0,9, 1,17, 2,16, 3,14, 4,5, 5,2, 6,36, 7,24, 8,29, 9,20
ходишь,1,2, 6,2, 8,3
ходов,7,3
ходок,7,1
ходом,0,3, 1,1, 2,6, 6,2, 7,2, 8,1
ходу,0,4, 1,3, 2,8, 3,3, 4,10, 6,3, 7,2, 9,1
ходы,6,2
ходьбе,5,2
ходьбы,1,1, 8,1
ходя,0,1, 2,4, 3,1, 8,1, 9,1
ходят,2,1, 4,5, 6,7, 7,3, 8,2, 9,2
ходячей,3,1
ходячими,7,1
ходячих,8,1
ходячую,3,1
ходящая,2,1
ходящее,6,1
ходящей,2,1
хождение,0,1, 6,3, 9,2
хождением,7,1
хождении,8,1
хождения,6,1
хожу,6,8, 7,4, 8,7, 9,4
хожус,6,1
хожухожу,8,1
хозяев,1,1, 2,2, 3,2, 4,1, 6,4, 8,1, 9,3
хозяева,0,1, 1,1, 2,1, 3,2, 5,1, 6,7, 8,2, 9,5
хозяевам,0,1, 6,3, 9,1
хозяевами,9,1
хозяек,6,1, 9,1
хозяин,0,3, 1,7, 2,7, 3,3, 4,7, 5,14, 6,17, 7,3, 8,2, 9,18
хозяина,0,1, 1,6, 2,2, 3,1, 4,5, 5,3, 6,10, 7,3, 8,5, 9,15
хозяиннемец,0,1
хозяином,2,2, 3,1, 4,1, 6,3, 8,1, 9,2
хозяинс,7,2
хозяинто,9,1
хозяину,0,1, 2,2, 3,1, 4,4, 6,4
хозяйка,1,5, 2,4, 3,1, 4,5, 5,1, 6,10, 7,5, 8,6, 9,23
хозяйкам,6,2
хозяйканемка,0,1
хозяйкато,7,1
хозяйке,0,1, 2,1, 4,1, 6,2, 7,1, 9,7
хозяйки,0,3, 1,2, 2,1, 3,1, 4,1, 5,1, 6,4, 7,2, 9,2
хозяйкин,6,3
хозяйкина,6,1
хозяйкой,1,2, 2,2, 4,3, 5,2, 6,3, 9,1
хозяйку,0,1, 1,1, 2,1, 4,1
хозяйничала,8,1
хозяйничали,2,2
хозяйничанию,3,1
хозяйничать,2,1, 3,1
хозяйская,9,1
хозяйские,9,1
хозяйский,6,2
хозяйским,6,1
хозяйского,9,1
хозяйское,8,1
хозяйской,1,1, 2,2, 4,1, 8,1, 9,1
хозяйском,0,1
хозяйскую,9,1
хозяйства,1,2, 2,2, 3,3, 9,1
хозяйстве,0,1, 3,3, 7,1, 9,1
хозяйственного,3,1, 9,1
хозяйственности,1,1
хозяйственные,2,1, 7,1
хозяйственных,1,1, 3,1, 4,1, 6,1, 9,1
хозяйство,1,1, 2,1, 3,3, 7,3
хозяйством,1,1, 3,2, 8,1, 9,2
хозяйству,3,4, 5,2, 7,2, 8,1
хой,3,1
холе,2,1, 9,1
холера,9,2
холерина,9,3
холериной,9,1
холерины,9,4
холерой,9,1
холеры,9,2
холку,2,1
холм,4,4
холма,4,13
холмами,4,1
холме,4,7, 5,1
холмом,4,1
холму,4,1
холмы,0,2, 3,1, 6,1
холод,0,1, 1,3, 2,2, 3,2, 4,2, 6,2, 7,3, 8,3, 9,4
холода,0,1, 1,4, 2,4, 3,7, 4,2, 6,1, 8,1, 9,2
холоде,6,2
холодел,1,1, 6,1, 7,1
холоден,6,1, 7,1, 9,3
холодею,6,1
холодеющим,4,1
холодея,3,1, 6,1
холодит,8,1
холодку,4,1
холодна,0,1, 4,1
холодная,1,1, 3,2, 4,1, 8,2, 9,2
холоднее,0,1, 4,1, 8,1
холодненькие,6,1
холодненького,6,1, 8,1
холодно,0,6, 1,14, 2,7, 3,4, 4,2, 6,11, 7,6, 8,5, 9,14
холодноватый,6,3
холодного,0,1, 1,2, 2,2, 3,2, 6,1, 9,2
холодное,0,1, 1,2, 3,2, 4,1, 9,1
холодной,1,1, 3,5, 4,4, 5,1, 7,1, 8,3, 9,2
холодном,0,1, 1,1, 2,2, 3,4
холодному,9,2
холоднооскорбительным,3,1
холодноспокойно,3,1
холодности,0,1, 3,2, 6,1, 8,1
холодность,1,1, 3,1, 9,1
холодностью,1,3
холодною,0,3, 4,1, 6,4, 7,2
холодную,0,1, 2,4, 3,3, 4,2, 6,2
холодны,4,2, 6,1
холодные,4,1, 6,1, 9,1
холодный,0,3, 1,6, 2,4, 3,4, 4,2, 6,5, 7,2, 8,1, 9,8
холодным,0,6, 1,3, 2,1, 3,6, 6,4, 7,1, 8,1
холодными,1,1, 3,1, 4,3, 6,1
холодных,0,1, 1,1, 3,2
холодов,6,1
холодок,6,1
холодом,1,2, 4,2, 6,1
холоду,6,3, 8,2
холопского,0,1
холост,4,3
холостого,0,1, 1,2, 6,1, 8,1
холостой,0,1, 1,1, 6,4
холостую,1,1, 2,1, 4,1
холостыми,1,1
холостых,1,2
холостяк,0,1, 3,1, 7,1, 8,1
холостяки,6,1
холостяком,2,1
холостяку,9,1
холста,6,2, 7,1, 9,1
холстину,9,1
холстом,0,1
холсты,0,1, 3,1
холуй,7,1
хомут,2,1, 8,1
хор,1,2, 3,1, 4,4, 6,9, 7,1, 9,1
хора,1,2, 3,2, 6,1
хорами,6,1, 9,1
хорах,0,2, 6,2, 9,1
хоре,7,3
хористы,4,1
хоровод,4,1
хороводе,9,1
хороводов,1,1
хоровые,1,1
хоровых,4,1
хором,1,1, 3,1, 4,4, 5,3, 6,3, 9,4
хоромах,6,1
хоромахто,6,4
хоромы,6,1
хоронившим,6,1
хоронил,7,2
хоронила,6,1
хоронили,6,4
хоронить,1,1, 4,1, 6,5, 9,2
хоронюсь,6,1
хоронят,4,1, 7,1, 9,1
хорош,0,12, 1,12, 2,2, 3,2, 4,7, 5,1, 6,5, 7,9, 8,2, 9,4
хороша,0,10, 1,25, 2,5, 3,3, 4,5, 5,1, 6,8, 7,15, 8,6, 9,2
хорошая,0,1, 1,1, 2,2, 3,3, 4,4, 5,1, 6,7, 7,2, 9,3
хорошего,0,5, 1,7, 2,1, 3,6, 4,3, 6,11, 7,7, 8,7, 9,2
хорошее,0,4, 1,8, 2,1, 3,8, 6,10, 7,5, 8,3, 9,3
хорошей,0,2, 4,1, 6,5, 7,7, 8,4, 9,1
хорошела,3,1, 7,1
хорошем,0,1, 1,2, 2,1, 3,1, 6,3, 7,4, 8,2
хорошему,2,2
хорошенькая,0,5, 1,2, 2,2, 6,1, 7,3, 8,3, 9,2
хорошенькаяс,6,1
хорошенькие,0,1, 1,4, 5,1, 8,1, 9,1
хорошенькиес,6,2
хорошенький,0,1, 6,6, 7,1, 8,1, 9,2
хорошеньким,9,1
хорошенькими,1,1, 7,1, 8,2
хорошеньких,1,5, 2,1, 3,1, 4,1, 6,1, 7,1, 8,3
хорошенько,0,8, 1,1, 2,6, 3,2, 4,2, 6,3, 7,5, 8,2, 9,2
хорошенького,2,1
хорошенькое,0,3, 6,1, 8,4
хорошенькоехорошенькое,6,1
хорошенькой,0,3, 1,2, 2,2, 4,1, 9,2
хорошеньком,2,1
хорошенькому,0,1
хорошенькую,0,2, 1,1, 2,2, 5,1, 6,2, 8,1, 9,1
хорошеть,1,1
хорошею,0,1, 6,1, 7,1, 9,1
хороши,0,7, 1,2, 2,4, 3,1, 4,4, 5,2, 6,6, 7,7, 8,3, 9,7
хорошие,0,8, 1,2, 2,2, 3,2, 5,1, 6,3, 7,7, 8,4, 9,2
хороший,0,5, 1,8, 2,3, 3,1, 4,1, 6,11, 7,6, 8,5, 9,4
хорошим,0,1, 1,2, 2,2, 3,3, 6,3, 7,7, 9,1
хорошими,0,2, 2,1
хороших,0,2, 1,2, 3,2, 4,1, 6,5, 7,5, 8,2, 9,2
хорошо,0,106, 1,89, 2,51, 3,66, 4,76, 5,22, 6,126, 7,134, 8,93, 9,115
хорошос,4,2, 6,1, 9,2
хорошу,3,1
хорошую,1,2, 4,1, 5,1, 7,2, 8,2
хору,3,1, 4,1, 6,2
хорунжий,3,1
хоры,0,1, 4,1, 9,1
хотевшая,7,1
хотевшего,1,1
хотевшее,6,1
хотевшему,3,1
хотевший,6,1, 7,1
хотевшими,3,1
хотел,0,55, 1,66, 2,73, 3,56, 4,36, 5,15, 6,141, 7,157, 8,86, 9,99
хотела,0,19, 1,22, 2,19, 3,14, 4,5, 5,2, 6,30, 7,32, 8,55, 9,35
хотелас,6,1
хотели,0,11, 1,7, 2,13, 3,8, 4,4, 5,1, 6,21, 7,25, 8,9, 9,20
хотело,2,1, 8,1
хотелось,0,21, 1,28, 2,22, 3,18, 4,11, 5,3, 6,40, 7,61, 8,47, 9,32
хотение,8,1
хотенья,9,1
хотеть,1,1, 6,3, 7,2
хотеться,4,1, 6,1
хотим,0,1, 1,3, 2,1, 4,1, 5,3, 6,3, 7,1, 9,3
хотимс,9,1
хотите,0,27, 1,10, 2,13, 3,8, 4,20, 5,8, 6,54, 7,57, 8,27, 9,87
хоть,0,26, 1,18, 2,21, 3,13, 4,31, 5,10, 6,295, 7,218, 8,168, 9,155
хотя,0,43, 1,47, 2,84, 3,45, 4,37, 5,7, 6,320, 7,212, 8,49, 9,193
хотяй,2,1
хотят,0,5, 1,4, 2,9, 3,5, 4,4, 5,3, 6,11, 7,21, 8,6, 9,7
хотящим,3,1
хофскригсвурстраты,0,1
хофскригсвурстшнапсрат,0,1
хохлакова,6,51
хохлаковамать,6,1
хохлаковой,6,39
хохлаковойто,6,1
хохлаковою,6,1
хохлакову,6,4
хохлаковы,6,1
хохлаковыми,6,1
хохлаковых,6,2
хохлатую,4,1
хохлом,1,1
хохол,0,1, 2,1
хохолка,6,1
хохолком,4,1, 6,1
хохолок,6,1
хохот,0,1, 1,4, 2,4, 3,5, 4,9, 6,1, 7,1, 8,3, 9,4
хохота,0,2, 1,1, 4,3, 7,1, 9,1
хохотавшими,7,1
хохотавших,3,1
хохотал,4,2, 6,1, 7,11, 8,2, 9,8
хохотала,4,1, 7,5, 8,2, 9,5
хохотали,6,1, 7,3, 9,2
хохотало,7,1
хохотать,1,1, 4,1, 6,1, 7,1, 8,1, 9,4
хохоте,6,1
хохотливый,7,1
хохотом,0,3, 2,7, 4,3, 5,1, 6,1, 7,4, 9,4
хохоту,7,2, 9,1
хохотуны,9,1
хохотунья,1,1
хохоча,4,3, 6,2, 7,2, 9,1
хохочем,8,1
хохочет,6,2, 7,2, 9,1
хохочут,7,1, 9,1
хохочущая,4,1
хоч,3,1
хочет,0,18, 1,24, 2,16, 3,18, 4,9, 5,5, 6,82, 7,44, 8,41, 9,41
хочется,0,5, 1,9, 2,5, 3,13, 4,3, 5,3, 6,23, 7,19, 8,17, 9,11
хочеши,6,1
хочешь,0,13, 1,26, 2,7, 3,10, 4,11, 5,8, 6,58, 7,31, 8,42, 9,11
хочу,0,18, 1,22, 2,19, 3,12, 4,23, 5,11, 6,152, 7,127, 8,115, 9,108
хоша,6,3
хошь,3,1, 7,3, 9,2
храбр,0,2, 6,1
храбрая,4,1, 5,1
храбрее,0,1, 1,1, 3,1, 5,3
храбрейшем,0,1
храбрейшему,1,1
храбрец,1,1
храбреца,2,1
храбрецам,3,1
храбрецов,1,1
храбрилась,9,1
храбрился,8,1
храбро,5,2, 6,1, 7,1
храброго,2,1, 6,1, 7,1
храброе,2,1
храброму,1,1
храбрости,0,2, 1,1, 2,2
храбростию,0,2
храбрость,0,4, 1,4, 2,1, 3,2, 5,3, 6,1
храбростью,0,2, 1,1
храбры,5,1
храбрые,5,1, 7,1, 9,1
храбрый,0,3, 1,2, 2,1, 3,4, 4,2, 5,4, 6,3, 7,1
храбрым,0,2, 5,1
храбрыми,2,1
храбрых,2,1
храбрясь,8,1
храбрящимся,9,1
храм,1,2, 2,2, 4,12, 6,6, 9,3
храма,1,5, 2,1, 3,1, 4,7, 6,6, 9,1
храмах,1,1
храме,6,4, 7,1
храмин,1,1
храмина,1,1
храмине,1,2
храмину,1,1
храмового,4,1
храмовой,4,6, 6,1
храмовые,4,1
храмом,4,3
храму,4,1
храмы,2,1, 6,1
хранение,4,1
хранении,1,1
хранению,4,1
хранения,2,1, 6,2
хранившегося,6,1
хранил,3,1, 4,1, 5,1, 6,2
хранилась,3,1, 5,1
хранились,4,1, 7,1
хранилось,6,1
хранился,5,1
храним,6,1
хранит,2,1, 4,1, 9,1
хранителем,6,1
хранитель,6,2
хранить,1,1, 4,1, 6,3, 9,1
храниться,4,1
хранцуз,3,1
хранцуза,3,2
хранцузто,0,1
хранят,6,2
хранятся,4,1, 9,1
хранящие,6,1
храп,1,1, 2,1, 3,1, 5,3
храпел,3,2, 6,2
храпели,4,1
храпению,0,1
храпенью,3,1
храпенья,3,1
храпеть,6,1
храпит,6,1, 7,1
храпу,5,1
храпящего,4,1
хребтугах,2,1
хрестоматии,7,1
хрип,4,2
хрипел,0,1, 4,1, 6,1, 8,2, 9,1
хрипела,1,1
хрипели,2,1
хрипение,7,1
хрипеньем,2,1
хриплая,4,1
хрипло,1,3, 3,2, 4,6, 5,3, 7,1
хрипловатый,4,1
хрипловатым,4,1, 5,1
хриплое,4,1
хриплые,4,1
хриплый,0,2, 1,1, 2,3, 4,3
хриплым,0,2, 1,2, 2,2, 3,2, 4,5, 5,2, 7,1, 8,4
хрипом,7,2
хрипотцой,4,2
хрипя,4,2
хрипящими,2,1
христа,0,1, 1,1, 2,5, 3,2, 4,3, 6,16, 7,8, 8,1, 9,4
христе,1,1, 2,2, 4,2, 9,1
христианами,6,1
христиане,2,1, 4,1, 6,2, 7,1
христианин,6,5, 7,3, 9,1
христианина,0,1, 6,1
христианином,6,2, 7,1
христианка,9,1
христианская,0,1, 6,3, 7,1
христианский,1,1
христианскикротким,1,1
христианским,6,3
христианскими,6,1
христианских,7,1
христианского,3,2, 6,2
христианское,6,4
христианскоето,7,1
христианской,0,1, 6,1, 9,2
христианском,7,1
христианскою,0,1
христианскую,9,1
христианства,1,1, 6,5, 7,1, 9,1
христианство,1,1, 3,1, 6,2, 9,2
христианством,6,1
христианству,7,1
христов,6,4
христова,6,9, 7,1
христово,6,4, 9,1
христовой,6,2
христову,6,1
христовых,6,1
христом,3,1, 6,2, 7,3, 9,1
христомбогом,2,1, 6,2
христоносицы,6,1
христопродавца,7,1
христос,0,3, 1,3, 2,2, 3,6, 6,20, 7,5, 8,4, 9,1
христофора,9,3
христу,2,1, 6,2
христубогу,2,1
христьяне,3,1
хромаете,9,1
хромал,4,3, 5,1
хроматические,1,1
хромая,5,1, 6,3, 9,6
хромого,9,1
хромой,6,1, 9,20
хромойс,6,1
хромому,9,5
хромоногая,9,1
хромоножек,9,1
хромоножка,9,2
хромоножке,9,3
хромую,6,1, 9,2
хромым,9,1
хроника,0,1, 9,2
хронике,9,4
хроникер,4,1, 9,1
хроники,9,2
хронику,9,3
хронометр,6,1
хруст,4,2
хрусталем,8,1
хрусталь,0,1, 4,1
хрустальная,6,1
хрустальное,4,2
хрустальную,6,1, 9,1
хрустальные,4,3, 5,2
хрустальный,4,1
хрустальным,4,1
хрустальными,6,2
хрустальных,0,1, 4,2, 8,1
хрусталя,0,2, 2,1, 4,1
хрустел,4,1
хрустели,4,1
хрустение,2,1
хрустнувшую,4,1
хрустнули,2,1
хрусть,4,4
хрустя,4,1
хрыбры,5,1
хрыч,2,1
хрюкал,2,1
хрюкнуло,1,1
хрюхрю,6,2
хряск,3,1
худ,2,1, 3,1, 4,1, 7,1, 8,1
худа,6,1, 7,1, 8,2, 9,2
худая,1,3, 2,3, 3,2, 8,1
худее,0,1, 1,1
худел,9,1
худела,2,1
худенькая,4,1, 7,1, 8,2
худенькие,0,1, 1,1, 6,1
худенький,2,2, 3,1
худеньким,4,1, 6,1, 8,1
худенькими,6,1, 8,2
худеньких,8,1
худенькое,6,1, 8,2
худенькой,8,2
худенькую,6,2, 8,1
худо,2,2, 3,1, 4,6, 6,8, 7,4, 8,8, 9,8
худоба,8,1
худобой,8,1
худобу,3,1
худобы,3,1, 8,1
худого,0,1, 2,2, 3,4, 4,1, 6,1, 8,3
худое,0,5, 2,1, 3,2, 6,2, 8,3
художественная,3,1, 6,1, 7,1, 9,1
художественно,6,3, 7,1
художественного,4,1, 6,1
художественной,4,1
художественности,9,1
художественную,9,1
художественные,6,2, 9,1
художественным,7,1
художник,1,1, 6,1
художников,6,1, 8,1
худой,0,2, 1,6, 2,5, 3,7, 4,3, 8,1
худом,0,1, 3,1
худому,0,1, 3,1
худото,8,1
худощавая,7,1
худощаво,0,1, 6,1, 8,1
худощавого,9,1
худощавый,0,2, 2,3, 3,1, 6,1, 7,1, 8,1
худощавых,0,1
худу,8,2
худую,3,3, 6,1
худшего,4,1, 9,1
худшее,0,1, 1,1, 5,1
худшей,3,1
худшем,3,1
худшему,6,1
худшие,6,1
худший,7,1
худшую,2,1, 4,1
худы,1,2, 7,1
худые,1,2, 2,2, 3,1, 6,1, 8,1
худым,0,3, 1,2, 2,1, 6,2, 7,1
худыми,0,2, 1,1
худых,0,1, 1,2, 2,3, 3,1, 8,1
хуждшее,6,1
хуже,0,15, 1,16, 2,12, 3,10, 4,10, 5,7, 6,27, 7,18, 8,21, 9,24
хула,6,1
хулигана,4,1
хулиганская,4,1
хулителей,6,1
хулители,6,1
хульна,2,3
хустов,4,3
хустова,4,5
хустовых,4,1
хуторе,6,1
хх,7,1
хцешь,6,2
ц,9,1
царапал,4,1
царапать,4,1, 9,1
царапаться,4,1
царапая,4,1, 9,1
царапина,6,2, 9,1
царапину,6,1
царева,9,1
царевазаймища,2,1
царевать,6,1
царевезаймище,2,1
царево,2,1
царевозаймище,2,1
царевузаймищу,2,1
царедворец,6,1
царей,1,1, 2,5, 3,2, 5,2
царем,0,1, 1,1, 7,1
цареубийства,0,1
цареубийство,0,2
цари,2,2, 5,1
царила,4,2, 5,1
царило,6,2, 8,1
цариц,6,1, 9,1
царица,1,2, 6,7
царице,1,1, 6,2, 9,1
царицу,6,7
царицыном,0,3
царм,5,7
царская,0,2, 6,1
царские,0,1, 2,1, 7,1
царский,2,2, 3,1
царскими,2,1
царских,0,1, 2,1
царское,2,1
царской,2,2, 4,1, 9,1
царском,0,1, 2,1
царскосельской,7,2
царскую,2,1
царства,1,1, 6,3, 9,2
царстве,1,2, 3,2
царственного,2,1
царственный,4,1
царственным,4,1
царствие,0,1, 2,1, 6,1
царствии,6,2
царствия,6,1
царство,1,4, 2,3, 3,1, 4,3, 5,1, 6,10, 9,3
царствовавших,1,1
царствовала,1,2
царствовало,1,1, 2,1, 3,1
царствование,0,1, 2,6, 3,2, 6,1
царствованию,1,1
царствования,0,1, 1,1, 3,5, 6,1
царствованье,1,1
царствовать,2,3, 3,3, 6,1
царствует,6,1, 7,1
царствующее,1,1
царствующему,1,2
царствующими,4,1
царь,0,1, 1,5, 2,3, 3,1, 5,3, 6,2, 9,2
царьпушке,2,1
царю,0,2, 1,1, 2,2, 3,1
царя,0,4, 2,5, 3,3, 5,2, 8,1, 9,1
царябатюшку,2,1
царями,6,2
царящему,4,1
царящий,4,1
цах,9,1
цая,0,1
цвей,4,3
цвет,0,1, 1,1, 2,2, 3,1, 4,5, 5,3, 6,4, 7,2, 8,1, 9,2
цвета,0,2, 1,3, 3,3, 4,9, 5,3, 7,2, 8,2, 9,2
цветам,7,1
цветами,0,1, 1,1, 2,2, 4,3, 5,4, 6,4, 7,6, 8,5, 9,1
цветах,3,1, 6,1, 8,1
цветахто,7,1
цвете,7,1
цветка,0,1, 1,1, 3,3, 6,1
цветке,3,1
цветки,2,2
цветков,6,1
цветком,3,1, 6,1
цветники,6,1
цветной,1,1, 8,1
цветною,9,1
цветные,4,1
цветных,4,1, 9,1
цветов,0,2, 1,1, 2,1, 3,1, 4,2, 5,6, 6,9, 7,2, 8,5, 9,3
цветок,1,1, 3,1, 6,3
цветом,4,2, 5,1
цветочками,3,1, 6,1, 9,2
цветочки,6,2, 8,1, 9,3
цветочков,6,4, 9,1
цветочной,0,1
цветочную,0,2, 2,2, 3,1
цветочный,7,1, 8,1
цветочным,5,1
цвету,1,1, 7,1
цветущие,7,1
цветущий,3,1, 6,1, 7,1
цветущим,7,1
цветы,0,1, 1,4, 4,9, 5,4, 6,4, 7,3, 8,6, 9,1
цветыто,6,1
цедила,8,1
цезаризма,9,1
цезарь,8,2
цезаря,0,1, 6,1, 8,3
цекуба,4,1
цел,0,1, 1,1, 2,2, 3,1, 4,1, 5,1, 9,1
цела,2,2
целая,0,2, 1,2, 4,3, 5,3, 6,12, 7,12, 8,3, 9,9
целей,1,6, 2,6, 3,9, 6,3, 7,4, 8,2, 9,9
целен,2,1
целесообразности,2,1
целесообразность,1,1, 2,1, 3,1
целесообразностью,3,1
целесообразные,3,1
целесообразный,3,1
целехоньки,7,1
цели,0,4, 1,16, 2,9, 3,51, 4,5, 5,1, 6,25, 7,15, 8,6, 9,11
целиком,1,1, 4,3, 5,1, 6,1, 7,3, 9,4
целил,7,1
целился,2,1
целит,7,1
целитель,6,1
целительное,6,1
целительным,8,1
целито,6,3
целить,9,1
целиться,1,1, 7,1
целию,9,8
целкового,7,1
целковый,3,1
целковых,1,1, 7,13, 8,4, 9,5
цело,7,1, 9,1
целовавшему,0,2
целовал,0,1, 1,6, 3,2, 6,9, 7,4, 8,13, 9,3
целовала,0,2, 1,2, 3,1, 4,2, 5,2, 6,2, 7,3, 8,8, 9,2
целовали,0,1, 1,1, 2,3, 4,1, 6,5, 7,1, 9,1
целовались,0,1, 3,1, 8,1
целовальник,2,5
целовальника,2,7
целовальнику,2,2
целованием,6,1
целовать,0,2, 1,6, 2,3, 3,4, 4,4, 6,18, 7,8, 8,6, 9,5
целоваться,0,1, 6,1, 9,3
целого,0,2, 1,1, 2,1, 3,4, 6,12, 7,3, 8,1
целогото,9,1
целое,0,1, 1,4, 3,2, 4,1, 6,11, 7,4, 8,1, 9,3
целой,0,1, 1,1, 4,1, 5,1, 6,2, 7,2, 8,1, 9,3
целом,6,15, 7,7, 8,1, 9,3
целомс,7,1
целому,3,2, 9,1
целомудрен,9,1
целомудренная,6,1
целомудренно,8,1
целомудренное,8,1
целомудренной,6,1
целомудренность,6,1
целомудренный,6,2, 7,1
целомудренным,6,1
целомудренными,8,1
целомудрие,7,1, 9,1
целомудрия,7,1, 8,1
целос,7,1
целости,2,1, 3,1, 6,4, 7,1, 9,1
целостности,6,2
целою,6,1, 9,2
целует,0,2, 1,1, 4,1, 6,4, 8,4
целуетс,6,1
целуешь,6,1, 7,1
целуешься,6,1
целуй,0,1, 1,1, 6,6, 8,1
целуйте,9,1
целую,0,1, 1,4, 3,2, 4,2, 5,3, 6,21, 7,12, 8,3, 9,17
целуют,6,3
целуются,6,1, 8,1
целуя,0,2, 1,2, 2,3, 3,5, 4,2, 6,3, 7,1, 8,2, 9,1
целуясь,0,1
целы,1,4, 2,1, 3,2, 4,2, 6,1, 7,6
целые,0,2, 1,8, 2,4, 3,1, 4,4, 5,4, 6,10, 7,19, 8,9, 9,4
целыето,7,1
целый,0,7, 1,17, 2,6, 3,10, 4,12, 5,7, 6,29, 7,34, 8,32, 9,26
целыйто,8,1
целым,0,1, 1,2, 3,2, 5,2, 6,4, 7,6, 8,4, 9,3
целыми,4,1, 5,1, 7,1
целых,2,1, 4,2, 5,2, 6,4, 8,7, 9,11
цель,0,8, 1,15, 2,18, 3,63, 4,3, 6,20, 7,21, 8,6, 9,11
цельная,4,1
цельное,0,1, 3,1, 7,1, 8,1
цельному,1,1
цельности,3,3
цельную,4,1, 6,1, 9,1
цельный,9,1
цельным,1,1
цельных,5,1, 9,1
целью,0,7, 1,5, 2,17, 3,18, 4,5, 5,1, 6,16, 7,13, 8,1, 9,21
целям,3,1, 6,1, 9,1
целями,1,1, 3,2, 7,1, 8,1, 9,2
целясь,4,1, 9,1
целях,3,1, 6,1
целящая,6,1
цемент,9,1
цен,2,1
цена,4,1, 6,2, 9,3
цене,2,2, 3,1, 4,1, 7,2
цензуре,9,1
цензуры,6,3, 8,1, 9,2
цени,9,1
ценил,0,1, 2,1, 3,1, 6,3, 7,3, 9,2
ценила,9,4
ценили,6,2, 7,1, 9,1
ценились,0,1
ценим,3,1
ценит,0,1, 3,1, 6,2, 7,2
цените,0,1, 4,1, 6,2, 7,2
ценителей,8,1
ценитель,7,1
ценится,0,1
ценить,0,2, 2,2, 3,1, 6,2, 7,1, 8,2, 9,2
ценитьс,7,1
ценная,3,1
ценное,2,3, 4,2
ценность,9,1
ценны,2,1
ценные,2,1, 5,1, 6,1
ценным,6,1
ценой,6,1, 7,2, 9,1
ценою,7,1
центр,0,6, 1,2, 2,6, 3,1, 9,4
центра,0,4, 2,1, 3,1, 6,1, 9,2
центрального,2,1, 9,3
центральной,4,1
центральному,9,1
центральную,0,1
центральный,9,1
центральным,9,1
центре,0,8, 2,4, 4,2, 5,3, 6,1, 9,1
центром,0,3, 1,1, 4,1
центростремительной,6,1
центру,9,2
центры,9,1
цену,3,4, 6,2, 7,3, 8,1, 9,4
ценус,7,2
цены,0,1, 1,1, 2,4, 3,4, 6,3, 9,6
ценю,0,2, 1,1, 2,1, 6,2, 7,3, 8,2, 9,3
ценя,6,3, 8,1
ценят,0,1, 3,1
цепи,0,21, 1,4, 2,3, 3,1, 4,7, 6,1, 7,3, 9,1
цепкости,1,1, 3,1
цепкость,1,1
цеплявшихся,0,1
цепляй,2,1
цеплялись,2,1, 4,1, 5,2
цеплялось,7,1
цеплялся,4,1, 7,1, 8,1, 9,1
цепляют,1,1
цепляются,8,1
цепляясь,0,4, 2,1, 4,2, 5,1, 7,2
цепная,9,1
цепного,6,2
цепных,6,1
цепом,1,1
цепочка,4,1, 6,1, 7,1
цепочке,0,2, 4,1, 7,2
цепочки,4,2
цепочкой,4,2
цепочку,4,1
цепь,0,6, 2,5, 3,5, 4,11, 5,1, 6,1, 9,1
цепью,0,1, 3,1, 4,8
цепям,6,1
цепями,4,4
цепях,6,1
церемониальный,1,1
церемониальным,0,1
церемонией,6,1
церемонии,4,1, 6,1, 7,14, 8,2, 9,4
церемоний,4,3, 7,1
церемониймейстер,7,1
церемонились,9,2
церемонился,6,1, 7,1
церемониться,7,2, 8,1, 9,2
церемонию,7,1, 9,1
церемония,6,1, 9,2
церемониях,7,1
церемонно,7,2, 9,1
церемонных,9,1
церемонься,7,1
церемоньтесь,7,1
церемонясь,8,1
церемонятся,6,1
церера,6,2
церере,6,1
церквам,9,1
церквами,2,3
церквах,2,2, 3,2, 6,1
церквей,1,2, 2,6, 3,1, 6,3, 9,4
церкви,0,2, 1,4, 2,6, 3,14, 6,31, 7,14, 8,1, 9,9
церквис,7,1
церковники,6,1
церковников,6,1
церковного,0,1, 6,1, 7,1
церковное,0,1, 2,2, 3,1, 6,1, 9,1
церковной,4,1, 6,1, 9,1
церковном,6,3
церковному,2,1, 6,1
церковнообщественного,6,1
церковнообщественном,6,2
церковнообщественный,6,1
церковную,4,1, 6,1
церковные,3,3, 7,1, 9,2
церковный,4,1, 9,1
церковным,6,2
церковными,6,1
церковных,1,1, 6,1
церковь,0,1, 2,6, 3,4, 4,1, 6,52, 7,11, 9,2
церковью,2,3, 3,1, 6,8
цесаревич,0,1, 2,3
цесаревича,0,1, 3,1
цесаревичем,0,1
цесаревичу,0,1
цесарь,1,1
цибика,3,1
цивилизации,2,1, 3,5, 6,4
цивилизацию,7,1
цивилизация,3,3
цивилизованного,9,1
цивилизованной,6,1
цивилизованному,9,1
цивилизованные,9,1
цивилизованный,9,1
цигарками,6,1
цигарки,6,1
цигарочку,6,1
цидулку,6,1
цикл,6,1
цилиндр,4,5
цилиндре,4,1
цилиндрической,9,1
цилиндрическою,9,1
цилиндром,4,1, 6,1
цимбалами,6,1
цимбалах,6,1
цимбалы,1,1
цинизм,9,4
цинизма,6,2, 9,1
цинизме,6,1, 8,3
цинизмом,6,2, 9,1
цинизму,9,1
циник,6,1
циники,6,1
цинику,7,1
циничен,6,1
циническая,9,1
цинически,1,1, 6,1
цинические,8,1
циническиленивую,6,1
циническим,9,1
циническими,6,1, 7,1, 9,1
циническиоткровенно,7,1
циническое,9,1
цинической,4,1, 7,1
циническому,9,1
циническую,9,1
циничность,7,1
циничны,7,1
цинковых,4,1
цирк,5,2
цирковой,4,1
цирку,5,1
циркуль,1,1
циркуляр,0,1
циркулярном,9,1
цирюльню,7,1
цитовал,6,1, 9,1
цитрами,6,1
циферблат,4,1, 9,1
циферблата,3,1, 4,1
циферблате,0,1
циферблату,4,1
цифирной,7,1
цифр,1,1, 2,2
цифра,7,4
цифрами,1,1, 2,2, 7,1
цифрах,7,2
цифре,7,1
цифру,1,1, 7,1
цифры,2,1, 3,2, 7,2, 9,1
цихидзири,4,1
цицерону,9,1
цнайм,0,1
цнайма,0,5
цнайме,0,2
цнаймом,0,1
цнаймской,0,1
цнайму,0,2
цо,6,1
цуги,0,1
цугом,0,1, 3,1
цыган,1,5, 2,1, 6,8, 9,1
цыгана,6,1
цыганами,1,1
цыгане,1,2
цыганка,1,1, 8,1
цыганкам,6,1, 7,1
цыганками,1,1, 6,1
цыганки,6,2
цыганку,1,1
цыганок,1,1, 6,2, 7,1
цыганский,9,1
цыганским,1,2, 4,1
цыганских,6,1
цыганское,8,1
цыпках,8,1
цыпленка,6,1, 9,1
цыпленок,6,1
цыпленочку,6,3
цыплята,8,1
цыплятами,1,1
цыпочках,0,7, 1,9, 2,4, 3,2, 4,1, 6,1, 7,8, 9,10
цыпочки,2,1, 3,2, 6,1, 9,4
цыпочку,1,1
цюрих,6,1
чаадаева,9,1
чавканье,0,1
чад,6,2, 8,1
чадно,9,2
чадное,9,1
чаду,1,1, 6,1
чае,7,1
чаек,6,1, 9,1
чаем,0,1, 1,3, 2,4, 3,3, 6,3, 7,1, 8,1, 9,7
чаи,6,1
чаинского,8,1
чай,0,5, 1,4, 2,5, 3,7, 4,5, 6,19, 7,10, 8,10, 9,38
чайку,4,1, 6,1, 8,2
чайкуто,8,1
чайная,8,1
чайник,7,1, 8,5, 9,5
чайного,0,2, 1,2, 4,1, 8,2
чайную,8,1
чайный,0,3, 1,1, 8,2
чайным,1,1, 8,1, 9,2
чайто,8,1
чалмах,4,1
чалме,4,1
чалмой,4,1
чан,4,1
чарке,0,1
чарку,1,1
чарли,5,1
чародеи,4,1
чародей,4,2
чародея,5,1
чарторижский,0,2
чарторижского,1,1
чарторижскому,0,1
час,0,14, 1,11, 2,9, 3,5, 4,27, 5,2, 6,92, 7,68, 8,30, 9,42
часа,0,7, 1,10, 2,14, 3,9, 4,20, 5,2, 6,43, 7,39, 8,37, 9,31
часам,0,3, 2,5, 4,1, 5,1, 6,7, 7,7, 8,1, 9,6
часами,0,4, 1,1, 3,1, 4,2, 6,1, 7,1
часах,0,1, 3,2, 6,2, 9,1
часе,6,1, 9,1
часик,8,1
часика,1,2, 8,1
часиками,4,1
часики,4,1
часов,0,17, 1,16, 2,29, 3,7, 4,20, 5,4, 6,46, 7,65, 8,39, 9,66
часовне,1,1
часовни,1,1
часовню,1,1, 6,1
часовня,1,1
часового,3,4, 9,1
часовой,0,1, 2,1, 3,2, 6,1
часовойартиллерист,0,1
часовс,6,1
часовщик,2,1
часовые,2,3, 3,1
часовым,2,2, 9,1
часовыми,2,1, 5,1
часовых,2,1, 3,1, 4,1
часок,6,7, 9,1
часокдругой,5,1
часом,0,1, 1,1, 6,9, 7,3, 8,1, 9,3
часочек,6,3
частая,2,1
частей,0,2, 2,1, 3,2, 4,1
частенько,9,1
части,0,11, 1,8, 2,6, 3,10, 4,5, 5,1, 6,4, 7,2, 8,3, 9,17
частица,3,2
частице,3,1, 4,1
частичку,9,1
частию,0,2, 1,2, 3,4, 6,2, 7,6, 8,2, 9,4
частная,6,3
частного,0,1, 2,1, 3,2, 4,1, 6,1
частное,4,1, 8,1
частной,4,1, 7,1
частном,6,1, 9,1
частному,8,1, 9,1
частности,4,4, 6,5, 9,1
частность,6,2, 7,1
частную,6,1
частные,2,1, 3,3, 7,1, 9,2
частный,3,2, 6,1, 7,10, 9,2
частным,3,1
частными,3,1, 8,1
частных,0,1, 2,1, 3,2, 4,1, 9,1
часто,0,27, 1,38, 2,19, 3,39, 4,3, 5,8, 6,71, 7,60, 8,43, 9,31
частому,2,1
частые,1,1, 2,1, 3,2, 6,1, 7,2, 8,1, 9,5
частый,3,1
частым,1,3, 4,1
частыми,0,1, 9,1
частых,3,1, 7,1
часть,0,19, 1,27, 2,20, 3,34, 4,7, 5,7, 6,15, 7,20, 8,5, 9,21
частьс,6,1
частьто,8,1
частью,0,6, 1,15, 2,11, 3,14, 4,1, 6,4, 7,6
частям,0,1, 3,1, 6,1, 9,1
частями,1,2, 2,1
частях,1,1, 3,1, 5,1, 8,1
часу,0,18, 1,13, 2,11, 3,3, 4,3, 6,13, 7,39, 8,6, 9,29
часы,0,7, 1,7, 2,7, 3,5, 4,13, 6,12, 7,20, 8,4, 9,7
чатров,1,1
чахлая,4,1
чахлого,4,1
чахлую,4,1
чахлый,6,1
чахлыми,9,1
чахлых,6,1
чахнете,8,1
чахотка,6,2, 7,7
чахотке,6,2, 7,1, 8,4
чахотки,6,1, 7,1, 8,1
чахоточной,6,1
чахоточному,6,1
чахоточную,6,1
чахоточные,6,1, 7,1
чахоточный,6,1, 7,3
чахоточным,7,2
чацкий,6,1
чаш,4,1
чаша,3,1, 4,2, 8,1
чашам,4,1
чаше,4,1, 6,1
чашей,4,2
чашекто,8,1
чашечка,9,1
чашечках,4,1
чашечку,3,1
чаши,4,4
чашка,0,1, 2,1, 3,1, 8,4
чашками,6,2
чашке,0,1, 2,1, 4,1, 7,2, 9,1
чашки,0,1, 2,1, 3,1, 6,3, 7,2, 8,3, 9,1
чашкой,3,1, 4,1, 8,2, 9,1
чашку,1,3, 2,1, 3,1, 4,1, 6,2, 7,4, 8,8, 9,10
чашкуто,9,1
чашу,4,13, 6,2, 7,2
чаще,0,9, 1,8, 2,11, 3,5, 4,2, 5,2, 6,14, 7,15, 8,12, 9,6
чащи,5,2
чащу,4,1, 5,4
чаю,0,8, 1,11, 2,8, 3,2, 4,2, 6,8, 7,15, 8,18, 9,31
чаюто,8,1
чая,1,3, 2,1, 3,1, 5,1, 9,2
чаял,9,1
чаями,3,1
чаяние,6,1
чаяния,0,1, 2,2
чванится,6,1
чванства,6,2
чванстве,6,1
чеаек,2,1
чебаров,7,10
чебарова,7,4
чебарове,7,1
чебарову,7,4
чебаровым,7,2
чебуречная,4,1
чего,0,39, 1,43, 2,69, 3,36, 4,71, 5,3, 6,304, 7,173, 8,79, 9,172
чеголибо,6,1
чегонибудь,0,6, 1,5, 2,2, 3,7, 4,3, 5,1, 6,13, 7,13, 8,10, 9,13
чегос,9,1
чегото,0,16, 1,17, 2,13, 3,9, 4,11, 6,28, 7,34, 8,15, 9,23
чегочего,7,1, 8,1, 9,2
чегт,2,1, 3,2
чегтям,0,1
чей,2,1, 4,2, 6,2, 7,1, 9,2
чейнибудь,2,2, 6,1, 8,1
чейто,0,3, 1,4, 2,5, 3,3, 4,2, 5,1, 6,2, 7,1, 9,5
чек,4,2
чеканки,4,1
чеканных,4,1
чекань,7,1
чекмарь,1,3
чекмень,3,1
челе,6,1
человек,0,102, 1,97, 2,144, 3,158, 4,164, 5,12, 6,328, 7,305, 8,83, 9,273
человека,0,75, 1,62, 2,99, 3,129, 4,67, 5,8, 6,145, 7,115, 8,30, 9,108
человеками,3,2
человеках,6,1
человеке,0,2, 1,3, 2,4, 3,6, 4,2, 6,10, 7,3, 8,1, 9,5
человеки,6,5
человекобог,6,1, 9,2
человекобогом,6,1
человеков,1,1, 6,1
человекознание,9,1
человеколюбец,6,2, 8,1
человеколюбив,6,1
человеколюбивого,6,2
человеколюбивым,0,1, 6,1
человеколюбие,6,1, 7,1, 8,1, 9,1
человеколюбием,6,1
человеколюбию,0,1
человеколюбия,8,1, 9,2
человеколюбно,2,1
человеколюбцем,6,2
человеком,0,9, 1,16, 2,8, 3,22, 4,19, 5,6, 6,37, 7,30, 8,14, 9,25
человеконенавистника,9,1
человекс,6,5, 7,5, 9,1
человекто,6,2, 8,1
человеку,0,12, 1,13, 2,14, 3,17, 4,8, 6,41, 7,36, 8,8, 9,24
человечек,1,1, 2,2, 3,1, 4,5, 5,10, 6,11, 9,2
человеческая,1,1, 3,1, 6,7, 7,2, 9,3
человечески,3,1
человеческие,1,3, 2,1, 3,5, 4,3, 5,2, 6,1, 7,1
человеческий,0,3, 1,3, 2,6, 3,5, 4,1, 5,1, 6,5, 7,1, 9,2
человеческим,2,1, 4,1, 6,2, 9,2
человеческими,2,1, 6,1
человеческих,0,1, 1,3, 2,6, 3,3, 4,2, 6,6, 7,1, 8,3, 9,3
человеческо,2,1
человеческого,0,2, 1,10, 2,7, 3,5, 4,1, 6,9, 7,6, 8,1, 9,5
человеческое,0,1, 2,5, 3,1, 5,1, 6,6, 7,4, 8,3, 9,3
человеческой,0,2, 1,2, 2,6, 3,2, 4,1, 6,13, 7,2, 8,2, 9,1
человеческом,0,1, 1,1, 3,2, 4,1, 6,2, 7,1
человеческому,0,1, 2,3, 6,3
человеческою,7,2
человеческую,3,2, 6,2
человечества,0,1, 1,4, 2,3, 3,36, 6,9, 7,14, 8,1, 9,14
человечестве,6,7, 7,3, 9,1
человечество,0,1, 1,1, 2,1, 3,11, 4,3, 6,23, 7,4, 9,3
человечеством,3,1, 7,1, 9,1
человечеству,1,2, 2,2, 6,8, 7,6, 8,4, 9,4
человечий,1,1
человечишко,9,1
человечка,0,1, 1,1, 4,1, 5,1
человечке,4,1
человечки,5,1
человечком,4,1
человечку,6,2
человечьим,6,1
человечья,9,1
человэк,0,1
челюсти,0,3, 1,2, 5,4
челюсть,0,3, 2,1, 3,3, 4,2, 6,1, 9,1
челюстью,0,1, 1,1, 3,2
челюстях,5,1
чем,0,121, 1,130, 2,122, 3,186, 4,136, 5,23, 6,376, 7,339, 8,189, 9,255
чемлибо,6,1
чемнибудь,0,5, 1,3, 2,4, 3,8, 4,2, 6,12, 7,25, 8,23, 9,24
чемодан,0,2, 1,1, 4,5, 6,3, 7,2, 9,3
чемодана,9,1
чемоданами,9,1
чемодане,4,1, 6,2, 9,1
чемоданов,0,1
чемоданом,4,3, 9,2
чемоданчик,4,1
чемоданчика,4,1
чемоданчике,4,1
чемоданчиком,4,2
чемоданы,1,5, 4,1
чемто,0,11, 1,19, 2,11, 3,17, 4,14, 6,32, 7,31, 8,16, 9,35
чему,0,11, 1,11, 2,10, 3,6, 4,10, 5,2, 6,45, 7,42, 8,26, 9,40
чемуде,6,1
чемунибудь,5,1, 7,1, 8,2, 9,3
чемуто,0,3, 1,5, 2,1, 3,4, 4,1, 6,8, 7,2, 8,3
чепец,0,1, 6,1
чепраке,1,1
чепуха,4,8
чепуху,4,1
чепце,0,1, 1,1, 7,2
чепчик,2,3, 3,1, 6,6
чепчика,1,1, 8,1
чепчике,1,1, 2,2
червей,1,4, 9,1
червонец,4,4, 6,1
червонного,4,1
червонную,6,1
червонный,0,1
червонным,0,1
червонца,0,1, 4,2, 6,1
червонцами,4,1, 8,1
червонцев,3,1, 4,4
червонцевто,4,1
червонцы,4,14
червь,3,1, 6,2, 7,1, 9,2
червяк,7,1, 9,1
червях,3,1
червячка,7,1
червячком,5,1
червячок,6,1
чердак,6,2, 7,2
чердака,6,7, 8,1
чердаках,8,1
чердаке,6,2, 8,2
чердаки,8,2
чердаков,4,1
чердакчи,4,1
черед,0,4, 1,3, 6,1, 7,1, 9,1
череда,1,1
чередовалась,3,1
чередоваться,7,1
чередом,7,1, 8,1, 9,1
через,0,79, 1,91, 2,92, 3,58, 4,145, 5,47, 6,95, 7,57, 8,79, 9,94
черемуха,1,1, 9,1
черен,4,2
черенком,7,2
череп,1,2, 4,3, 5,1, 6,5, 7,1, 9,1
черепа,4,2, 7,1, 9,1
черепаха,2,2, 9,1
черепахи,2,3
черепаховый,0,1, 6,1, 7,1, 9,1
черепаху,2,2
черепаший,9,1
черепичные,0,1
черепки,4,2, 6,1
черепком,6,1
черепом,1,1, 4,1
черепу,0,1
чересседельник,9,1
чересчур,4,4
черкес,1,5
черкесская,9,1
черкесскую,1,1
черкесы,6,1
черкнул,7,1, 9,2
чермашне,6,2
чермашни,6,2
чермашнис,6,1
чермашню,6,29
чермашнюс,6,1
чермашнюто,6,1
чермашня,6,3
чермашнято,6,1
черная,1,2, 2,1, 3,2, 4,12, 6,3, 7,3, 8,6, 9,3
черневшему,3,1
черневшимися,0,1
чернее,8,1
черней,6,1
чернела,1,1, 4,1
чернелась,0,1
чернелись,3,1
чернелось,0,1, 2,1
черненький,5,1
черненькой,1,1
чернеющие,2,1
чернеющимися,1,1
черни,4,1, 9,1
чернил,4,1, 9,1
чернила,4,1
чернилами,6,2, 8,2
чернилах,4,1
чернильница,1,1, 6,1
чернильницей,0,1, 4,1
чернильницу,0,1, 4,2, 6,1, 8,1, 9,1
чернильные,4,1
чернит,9,1
чернить,8,2
черно,1,2, 7,1
чернобородый,4,3
чернобровая,9,2
чернобровый,0,1
черноватый,2,1, 7,1
черноватым,0,1
черновиком,4,1
черновой,1,1
черноволосатое,0,1
черноволосая,1,1, 4,1
черноволосого,0,1
черноволосой,9,1
черноволосому,2,1
черноволосую,9,2
черноволосый,2,1, 4,1, 6,1, 7,3
черновые,4,1
черноглазая,0,1, 1,2, 3,2
черноглазый,2,1, 4,1
черного,0,1, 2,3, 4,13, 7,2, 8,1
черное,2,2, 3,4, 4,9, 6,1, 9,1
черной,0,1, 1,2, 2,1, 3,3, 4,32, 6,4, 7,2, 9,1
чернокнижника,4,1
чернокожий,4,1
чернокрасная,4,1
чернолиловатыми,3,1
чернолиловое,3,1
черном,0,1, 1,3, 2,3, 3,8, 4,8, 6,5, 7,8, 8,1, 9,1
черномазенького,8,1
черномазов,6,2
черномазого,7,1
черномазый,7,11
черному,0,1, 1,1, 4,3
чернопегая,1,4
черносвитов,7,1
черносвитовская,7,2
черносвитовскою,7,1
чернота,4,1
черноте,4,1
чернотой,7,1
черною,0,1, 6,1, 9,1
черную,1,2, 3,2, 4,7, 6,3, 7,2, 9,5
черны,6,1, 9,1
черные,0,5, 1,5, 2,8, 3,5, 4,14, 6,3, 7,6, 8,5, 9,4
черныепречерные,6,1
черный,0,4, 1,1, 2,8, 3,2, 4,39, 6,1, 7,3, 8,1, 9,3
черным,0,2, 1,2, 2,1, 4,19, 6,4, 7,2
черными,0,7, 1,13, 2,11, 3,2, 4,6, 6,4, 7,3, 8,5, 9,3
черных,0,2, 1,4, 2,3, 4,12, 6,6, 7,2, 8,2, 9,1
чернышев,2,4
чернышева,2,1
чернышеву,2,1
чернышевым,2,2
чернь,2,2
чернявку,6,1
чернят,7,1
черпаками,4,1
черпал,4,1
черпать,3,1
черств,4,1
черствая,8,1
черствел,8,1
черствого,4,1
черт,2,4, 3,6, 4,48, 6,114, 7,21, 8,3, 9,74
черта,0,10, 1,2, 2,2, 3,3, 4,2, 6,22, 7,8, 8,5, 9,4
чертам,0,2, 9,1
чертами,0,4, 1,1, 2,2, 4,2, 6,1, 7,2, 8,2, 9,1
чертато,6,1
чертах,0,2, 1,1, 2,1, 3,2, 7,5, 8,1, 9,1
черте,0,1, 3,1, 4,1, 6,2, 9,1
чертежами,0,1
чертей,6,4
чертенка,8,1
черти,0,5, 1,1, 3,3, 4,2, 6,5, 9,1
чертиков,4,1, 6,1
чертил,4,1, 6,1
чертили,4,1
чертов,4,1, 8,1
чертова,9,1
чертовку,4,1
чертово,6,1
чертовой,4,7
чертову,6,1
чертовщина,4,1
чертовщиной,4,1
чертовым,6,1
чертоги,9,2
чертогов,4,1
чертой,0,1, 2,1, 3,1, 6,1, 9,1
чертом,3,1, 6,1
черточка,6,7, 7,1
черточкам,8,1
черточки,6,7
черточку,6,4
чертто,6,1
черту,0,7, 2,8, 3,1, 4,11, 6,19, 7,6, 8,2, 9,21
черты,0,5, 1,2, 2,2, 3,3, 4,1, 6,8, 7,15, 8,4, 9,6
чертыхался,4,1
чертям,4,3, 6,1
чесал,3,1
чесалсято,9,1
чесать,3,1
чесаться,0,1, 4,1
чесо,6,2
чествовали,0,1
чествуемому,1,1
честен,0,1, 3,1, 4,1, 6,7, 7,1, 8,2
чести,0,6, 1,2, 2,8, 3,1, 4,4, 6,18, 7,14, 9,12
честила,7,1
честить,7,1
честна,6,1
честная,7,3, 8,1, 9,3
честнее,6,2, 7,4, 9,2
честнейшего,7,3, 8,1, 9,1
честнейший,7,1, 8,1
честнейших,6,1
честно,0,1, 1,2, 2,1, 3,1, 4,1, 6,12, 7,5, 8,9, 9,2
честного,0,1, 1,2, 3,1, 6,2, 7,6, 8,2
честное,0,5, 1,6, 2,5, 3,1, 5,1, 6,3, 7,9, 8,6, 9,7
честной,6,1, 8,1, 9,4
честном,7,1, 9,2
честному,7,2
честности,6,8, 7,1, 8,1, 9,1
честность,6,3, 8,2, 9,1
честностью,7,1, 8,1
честною,7,2
честную,7,5
честны,6,1, 8,1
честные,0,1, 2,1, 3,1, 6,3, 8,2, 9,2
честный,0,3, 1,2, 2,4, 3,2, 6,7, 7,7, 8,5, 9,8
честным,0,1, 3,1, 6,5, 7,3, 8,2, 9,3
честными,6,2, 7,1, 8,1
честных,3,1, 6,3, 7,5, 9,1
честолюбец,9,1
честолюбив,6,1
честолюбива,9,1
честолюбивое,6,1, 9,1
честолюбивой,2,1
честолюбивом,9,1
честолюбие,7,1, 9,2
честолюбием,1,1
честолюбии,1,1, 9,1
честолюбию,9,1
честолюбия,1,1, 9,1
честь,0,11, 1,18, 2,10, 3,1, 4,11, 5,3, 6,28, 7,27, 8,7, 9,38
честьто,6,1
честью,0,1, 1,3, 2,5, 4,1, 6,5, 7,4, 9,2
чесунче,4,1
чесунчовом,4,1
чет,9,1
чета,2,1, 7,3
четверг,0,1, 2,1, 3,2, 4,3, 6,2, 7,1, 8,1, 9,5
четверга,4,1, 6,1, 9,2
четвергам,1,1, 3,1
четвереньках,3,1
четверней,9,1
четверни,9,1
четверню,0,1
четверо,0,2, 1,1, 2,3, 3,1, 4,1, 5,2, 6,7, 7,4, 8,1, 9,2
четвероногого,5,1, 7,1
четвероугольниках,0,1
четвероугольники,0,2
четвероугольный,1,1
четвертак,6,1
четвертаков,8,1
четвертая,0,2, 1,4, 3,3, 6,3, 7,3, 8,1, 9,7
четвертей,2,2
четверти,1,1, 2,2, 3,2, 6,4, 7,3, 8,2, 9,2
четвертке,6,1
четвертого,1,2, 4,2, 6,2, 7,7, 8,2, 9,5
четвертое,2,2, 4,1
четвертой,4,2, 6,1, 9,2
четверток,6,3
четвертом,0,1, 1,1, 2,2, 4,2, 7,4, 8,3, 9,1
четвертому,1,1, 6,2
четвертою,1,1
четвертую,3,1, 6,1, 9,3
четвертые,1,1, 7,1
четвертый,0,3, 2,2, 3,6, 4,5, 6,12, 7,3, 8,5, 9,4
четвертым,3,1, 4,1, 8,1
четверть,0,2, 1,3, 2,7, 4,7, 6,7, 7,15, 8,8, 9,10
четвертью,6,1
четверых,2,1, 6,3, 7,1, 9,1
четверыхс,7,1
четвртый,5,1
четки,7,2
четким,1,1, 6,1
четко,6,2, 7,1
чету,0,1
четыре,0,14, 1,7, 2,20, 3,14, 4,9, 5,3, 6,47, 7,30, 8,17, 9,50
четыредесятнице,6,1
четыредесятницу,6,2
четырем,6,1, 7,2
четырес,9,1
четыреста,4,8, 6,6, 7,7, 8,2, 9,3
четырето,6,4
четырех,0,5, 1,1, 2,5, 3,3, 4,11, 6,11, 7,7, 8,7, 9,7
четырехдневного,2,1
четырехдневной,3,1
четырехкомнатную,4,1
четырехконечный,7,1
четырехлетнего,6,1, 9,1
четырехлетнее,7,1
четырехлетнему,6,1
четырехлетние,6,1
четырехместной,9,1
четырехсот,6,1, 7,3, 9,1
четырехстишия,6,1
четырехто,6,2
четырехтысячный,0,1
четырехугольный,6,1
четырнадцати,7,1
четырнадцатилетний,1,1
четырнадцатилетним,0,1
четырнадцатилетнюю,0,1
четырнадцатилетняя,6,1
четырнадцатого,2,1, 4,3, 7,2
четырнадцатый,6,1
четырнадцать,0,1, 2,1, 4,1, 6,12, 8,4, 9,1
четырьмя,0,2, 6,2, 7,2
четьиминеи,6,4, 7,1
четьиминей,6,1
четьихминеях,6,1
чехлами,0,1, 1,1
чехлах,0,3, 1,1, 6,2, 7,1
чехле,1,1
чехлов,4,1
чехол,0,1
чечевичное,9,1
чеша,1,1
чешется,9,1
чешуею,4,1
чешуйчатозолотого,2,1
чешуйчатым,4,1
чешуя,2,1, 6,1
чешуями,3,1
чи,6,2
чигирина,2,1
чигиринских,2,1
чижиков,7,1
чижов,6,6
чижова,6,6
чижовато,6,1
чикчиры,0,1
чин,0,1, 1,1, 2,1, 6,5, 7,3, 8,4, 9,4
чина,2,1, 6,4, 7,2, 9,2
чинам,1,2, 3,1
чинами,3,1
чинах,0,1, 1,1, 7,1, 9,1
чингисханы,6,1
чине,0,1, 6,3, 7,3, 8,1, 9,2
чиненка,2,1
чинились,0,1, 3,1
чинит,6,1
чинишкато,7,1
чинно,6,1, 9,7
чинном,9,1
чинностию,7,1
чинность,7,2
чинную,7,1
чинный,7,1, 9,2
чинов,1,3, 2,2, 3,2, 6,1
чиновник,0,4, 2,5, 3,2, 6,14, 7,21, 8,6, 9,14
чиновника,1,2, 2,5, 3,2, 6,15, 7,6, 8,2, 9,5
чиновникам,6,1
чиновниками,1,1, 9,4
чиновнике,1,1, 9,2
чиновники,1,1, 2,4, 3,2, 6,2, 8,1, 9,5
чиновникнемец,2,1
чиновников,0,1, 1,1, 2,6, 3,1, 6,2, 7,1
чиновником,0,1, 2,1, 3,1, 6,5, 7,1, 8,1, 9,4
чиновникто,7,1
чиновнику,2,1, 6,4, 7,3, 8,2
чиновникфранцуз,3,1
чиновниц,6,1
чиновница,7,1, 8,1
чиновницами,7,1
чиновнице,6,1
чиновницы,6,1
чиновничек,9,1
чиновничество,9,1
чиновничишка,9,1
чиновничка,6,1
чиновничьим,9,1
чиновничья,9,1
чиновного,0,1, 6,1
чиновные,2,1, 6,1
чиновным,2,1
чиновными,7,1
чиновных,1,1, 6,1
чином,0,1, 2,2, 3,1, 6,1, 7,1, 9,2
чину,0,2, 2,1, 3,1, 6,6, 9,2
чины,1,1, 2,1, 3,4, 6,2, 8,2, 9,2
чиня,3,1
чириканье,4,1
чиркнул,4,1
чисел,2,2, 3,1, 4,1
числа,0,5, 1,1, 2,30, 3,14, 4,2, 6,1, 7,6, 9,3
числам,7,2, 9,1
числах,2,1, 3,1, 7,1, 8,1
числе,0,10, 1,19, 2,17, 3,14, 4,17, 6,5, 7,17, 8,1, 9,6
численности,0,1, 2,1, 3,1
численность,3,1
числилось,6,1, 7,1, 8,1
числился,6,1
числительностию,3,1
числится,9,1
число,0,1, 1,5, 2,6, 3,16, 4,2, 6,4, 7,5, 9,2
числоизображению,2,1
числом,0,1, 2,1, 3,2, 4,1, 6,1, 9,2
числу,0,2, 2,1, 4,2, 9,1
числюсь,0,3
числятся,4,1
чист,0,2, 1,1, 3,1, 4,2, 9,3
чиста,0,1, 6,3, 7,1, 8,1
чистая,3,3, 4,1, 6,3, 7,1, 9,2
чистейшая,1,1
чистейшее,6,1, 7,2
чистейшей,4,2, 9,2
чистейшею,7,1, 9,1
чистейший,0,1, 6,1, 7,2, 9,1
чистейшим,4,1, 7,1
чистейшую,1,1
чистенькая,6,1, 7,1, 8,1
чистенькие,0,2
чистенький,6,1
чистеньким,7,1
чистеньких,9,1
чистенько,0,1, 4,1, 7,1, 9,1
чистенького,1,1, 6,1
чистенькое,6,1, 9,1
чистеньком,1,1, 6,1
чистил,4,1, 7,1, 9,1
чистила,5,1, 6,1
чистили,1,1, 3,1, 4,1
чистились,0,1
чистить,5,1, 6,1, 9,1
чисто,0,4, 1,3, 2,3, 3,2, 4,3, 6,7, 7,2, 8,4, 9,4
чистоганом,4,1
чистого,1,1, 2,1, 4,3, 6,1, 7,7, 8,1, 9,1
чистое,1,20, 2,1, 3,3, 4,1, 6,4, 7,1, 8,3, 9,4
чистой,0,1, 1,1, 2,8, 3,1, 6,3, 7,4, 9,1
чистокровную,2,1
чистом,0,1, 1,1, 2,3, 3,1, 4,7, 6,4, 7,2, 9,1
чистомчистом,2,1
чистоначисто,3,1
чистописания,9,1
чистоплотная,0,1
чистоплотно,0,1
чистоплотный,6,1
чистопсовая,1,1
чисторечиво,6,1
чистосердечен,8,1
чистосердечии,8,1
чистосердечия,1,1, 7,2
чистосердечнейшего,6,1
чистосердечно,5,1
чистосердечное,6,1
чистота,1,1, 2,3, 3,1, 6,1, 8,1
чистоте,1,1, 3,1, 6,2, 9,1
чистотой,0,2, 1,2, 4,2, 6,1, 8,1, 9,1
чистоту,1,2, 9,1
чистоты,0,1, 1,5, 6,1, 7,2, 8,1, 9,1
чистою,6,1, 7,1, 9,3
чистую,0,2, 1,3, 3,1, 4,1, 6,6, 7,3
чисты,0,2, 6,2, 8,1, 9,1
чистые,0,1, 2,1, 6,1, 7,1, 8,1, 9,1
чистый,1,2, 2,3, 3,3, 4,1, 6,5, 7,3, 8,1, 9,3
чистыйс,6,1
чистым,1,1, 4,2, 6,1, 9,3
чистыми,0,1, 1,1, 2,1, 6,4, 7,1
чистых,0,2, 4,1, 6,2, 7,2, 9,1
чистят,0,1, 9,1
чистятся,2,1
читавшего,6,1, 7,1
читавшей,0,1
читавшему,0,1
читавшие,9,1
читавший,6,1
читавших,9,1
читаем,6,1, 8,1
читаемой,2,1
читает,0,2, 1,1, 3,1, 6,5, 7,6, 9,1
читаете,6,1, 9,4
читаешь,6,1
читай,0,1, 6,4, 7,2, 9,2
читайте,6,2, 7,3, 9,12
читал,0,6, 1,22, 2,10, 3,8, 4,8, 6,24, 7,16, 8,12, 9,23
читала,0,6, 1,3, 2,5, 3,3, 4,1, 5,3, 6,3, 7,6, 8,9, 9,2
читалась,4,1
читали,0,1, 1,1, 2,2, 4,1, 6,5, 7,9, 8,5, 9,6
читались,2,2, 9,1
читалось,4,1, 6,2, 7,1, 9,1
читался,0,1
читалто,8,1
читанном,3,1
читателей,3,1, 6,3, 7,2, 9,3
читателем,7,1, 9,1
читатели,5,1, 6,2, 9,1
читатель,4,4, 6,6, 7,4, 9,5
читателю,6,5, 7,3, 9,4
читателя,6,3, 7,2, 9,4
читателям,6,1, 7,1, 8,1
читать,0,8, 1,17, 2,11, 3,4, 4,4, 5,2, 6,20, 7,31, 8,13, 9,27
читатьс,9,1
читаю,1,1, 4,1, 6,2, 7,3, 8,1, 9,1
читают,2,3, 5,1, 6,4, 7,1, 8,1, 9,1
читающего,4,1
читающей,4,1
читающий,9,1
читая,0,4, 1,6, 2,2, 3,2, 9,3
читывал,3,1, 6,1
чихнул,6,1
чихнуть,6,1
чичагов,3,11
чичагова,3,1
чичаговым,3,1
чичиков,6,1
чичиковых,6,1
чище,3,2, 8,2, 9,1
член,0,4, 1,3, 3,1, 4,4, 6,3, 7,1, 9,9
члена,0,1, 4,1, 6,2, 9,1
членам,2,1, 4,1, 8,1, 9,2
членами,0,1, 2,1, 7,2
членах,1,1, 6,1, 7,1, 8,1
члене,6,1
членов,0,1, 1,11, 3,2, 4,6, 6,4, 7,3, 9,8
членовредительских,4,1
членом,0,1, 1,6, 3,1, 6,2, 7,2, 9,8
членским,4,1
членучредитель,9,1
члены,0,3, 1,9, 2,2, 3,3, 4,2, 5,1, 6,5, 7,4, 9,7
чм,5,7, 7,1
чмнибудь,5,1
чмокал,1,1, 4,1
чмокнул,1,1, 6,2
чмоком,6,1
чогт,0,7
чогтова,0,1
чогту,0,1, 1,1
чокались,0,1, 4,1
чоканье,5,1
чокнулся,4,1
чокнуться,6,1
чопорна,0,1
чопорная,0,1
чопорного,3,1
чопорность,8,1
чопорный,9,1
чорт,0,11, 1,4
чорта,0,3
чортом,0,1, 1,1
чорту,0,4, 1,2
чрева,6,2
чревата,7,1
чреве,6,4
чрево,6,1
чревовещания,4,1
чревовещателей,4,1
чревовещательский,4,1
чревом,6,2
чреву,6,1
чрез,0,5, 1,4, 2,2, 3,3, 6,61, 7,117, 8,1, 9,23
чрезвычайная,6,2, 7,8, 8,1, 9,3
чрезвычайно,0,5, 1,3, 2,1, 3,4, 4,30, 5,4, 6,85, 7,125, 8,39, 9,83
чрезвычайного,6,2, 7,4, 9,2
чрезвычайное,6,12, 7,22, 8,6, 9,10
чрезвычайной,0,1, 2,1, 4,1, 6,2, 7,9, 8,5, 9,4
чрезвычайном,6,9, 7,16, 8,3, 9,2
чрезвычайному,6,1, 7,5, 9,2
чрезвычайности,4,2, 9,1
чрезвычайною,0,1, 6,7, 7,8, 8,2, 9,9
чрезвычайную,0,1, 6,1, 7,6, 8,2, 9,4
чрезвычайные,6,2, 7,3, 8,1, 9,1
чрезвычайный,6,2, 7,11, 8,1, 9,5
чрезвычайным,4,1, 6,11, 7,24, 8,1, 9,17
чрезвычайными,4,1, 6,2, 9,1
чрезвычайных,7,3, 8,1, 9,2
чрезмерная,4,1, 9,2
чрезмерно,6,1, 7,3, 9,7
чрезмерного,7,1
чрезмерное,6,1
чрезмерной,7,1, 9,1
чрезмерном,6,1, 9,1
чрезмерною,6,1
чрезмерный,9,1
чрезмерным,9,2
чресчур,6,1
чрная,5,1
чрное,5,1
чрной,5,2
чрные,5,1
чрный,5,1
чрных,5,4
чтение,0,5, 1,5, 3,4, 6,6, 7,8, 8,5, 9,5
чтением,0,1, 1,2, 2,1, 3,2, 4,1, 6,1, 7,3, 8,1, 9,1
чтении,2,1, 9,7
чтений,9,1
чтению,0,1, 1,1, 3,1, 8,1, 9,3
чтения,0,4, 1,2, 2,1, 3,2, 7,9, 8,1, 9,12
чтениях,9,1
чтец,2,1, 9,1
чтеца,2,1
чтецом,2,1
чтецу,2,1, 3,1
чтецы,2,1
чти,9,1
чтивших,6,1
чтил,6,3
чтила,9,1
чтили,6,1
чтимую,9,1
чтит,6,1
чтите,6,1
чтишь,6,1
что,0,1641, 1,2017, 2,2151, 3,1980, 4,1750, 5,372, 6,5428, 7,4383, 8,2582, 9,3541
чтоб,0,53, 1,41, 2,24, 3,15, 4,7, 6,249, 7,151, 8,286, 9,137
чтобы,0,179, 1,229, 2,319, 3,270, 4,182, 5,56, 6,511, 7,280, 8,18, 9,316
чтовремени,7,1
чтоде,6,2
чтойто,6,1, 8,1, 9,1
чтолибо,0,1, 4,9, 6,3
чтоль,1,1
чтонибудь,0,35, 1,27, 2,20, 3,27, 4,25, 5,3, 6,64, 7,88, 8,55, 9,88
чтоо,7,2, 9,2
чтооо,9,4
чтопи,0,1
чтос,6,3, 7,3, 9,5
чтото,0,94, 1,125, 2,144, 3,86, 4,116, 5,4, 6,181, 7,186, 8,80, 9,135
чтотос,6,1
чту,0,1, 6,2, 9,1
чтя,6,1
чтят,6,1
чу,9,1
чубук,1,1, 3,1
чубуком,1,1
чувств,0,3, 1,3, 2,3, 3,3, 4,1, 6,26, 7,14, 8,3, 9,10
чувства,0,8, 1,19, 2,21, 3,28, 4,1, 6,40, 7,26, 8,14, 9,10
чувствам,1,1, 3,1, 6,4, 7,2
чувствами,0,1, 1,1, 2,2, 3,2, 6,2, 7,1, 9,2
чувствах,1,4, 2,3, 6,11, 8,1, 9,5
чувстве,0,2, 1,2, 2,1, 3,2, 6,4, 7,3, 8,1, 9,1
чувственная,8,1
чувственное,8,1
чувственные,1,1
чувственным,0,1
чувственных,7,1
чувствителен,1,1, 2,2, 6,1, 7,3, 9,1
чувствительна,0,1, 1,1, 6,1, 9,1
чувствительная,6,2, 8,4, 9,1
чувствительнее,0,1, 6,1, 9,1
чувствительнейший,7,1
чувствительно,1,1, 6,3, 7,1, 9,2
чувствительного,2,1, 3,1, 9,1
чувствительное,7,1
чувствительной,1,1, 6,1, 7,1, 9,1
чувствительном,6,1
чувствительности,2,1, 4,1, 6,3, 8,1, 9,2
чувствительностию,7,1
чувствительность,1,1, 2,1, 6,4, 7,2, 9,1
чувствительностью,0,1, 6,1
чувствительностях,6,1
чувствительную,0,1, 8,1
чувствительные,8,1
чувствительный,4,1, 6,1, 7,1, 8,2, 9,6
чувствительным,5,1
чувствия,8,1
чувство,0,40, 1,58, 2,55, 3,45, 4,4, 5,1, 6,34, 7,11, 8,11, 9,7
чувствовавшегося,3,1
чувствовавшее,3,1
чувствовавший,0,1, 1,1, 7,1
чувствовал,0,40, 1,42, 2,42, 3,62, 4,4, 6,32, 7,21, 8,10, 9,5
чувствовала,0,10, 1,30, 2,17, 3,24, 4,6, 5,3, 6,2, 8,5, 9,2
чувствовалась,0,2, 1,2, 2,1, 3,1
чувствовали,0,7, 1,6, 2,6, 3,8, 4,2, 6,2, 7,1, 8,3, 9,5
чувствовало,2,1, 8,1, 9,1
чувствовалось,0,2, 2,3, 3,5, 4,5, 6,2, 7,1
чувствовался,1,1
чувствования,3,1
чувствовать,0,8, 1,15, 2,6, 3,5, 5,3, 6,5, 7,7, 8,3, 9,3
чувствоваться,6,1
чувством,0,12, 1,12, 2,13, 3,4, 4,1, 6,27, 7,11, 8,11, 9,6
чувствос,6,1
чувству,0,2, 1,2, 2,4, 3,5, 6,3, 7,3
чувствуем,2,2, 3,4, 7,1
чувствуемый,0,1
чувствует,0,8, 1,5, 2,7, 3,8, 4,1, 6,12, 7,9, 8,4, 9,3
чувствуете,0,1, 3,1, 4,2, 6,4, 7,4, 8,2, 9,3
чувствуется,2,1, 3,4, 6,2, 9,1
чувствуешь,0,2, 1,3, 3,1, 4,1, 5,1, 8,1
чувствуйте,5,1
чувствую,0,6, 1,9, 2,2, 3,2, 4,3, 5,3, 6,23, 7,8, 8,11, 9,10
чувствуют,0,1, 1,1, 3,1, 5,1, 6,1
чувствующего,3,1
чувствующие,6,1
чувствующий,2,1
чувствующих,8,1
чувствуя,0,16, 1,17, 2,18, 3,11, 4,9, 6,6, 7,4, 8,2, 9,5
чувыканьем,2,1
чугунке,9,1
чугунку,7,1
чугунная,4,1
чугунного,4,1
чугунное,6,1
чугунной,4,4
чугунною,4,1
чугунную,6,1
чугунные,5,1, 6,1
чугунный,1,1, 6,1
чуда,3,2, 4,1, 6,5, 8,1, 9,1
чудак,1,2, 4,2, 6,3, 7,1, 8,4, 9,3
чудака,0,1, 1,1, 8,1
чудакаотца,1,1
чудаке,1,1, 7,1
чудаки,4,1
чудаком,1,1, 9,1
чудакфермер,5,1
чудами,6,1
чудато,2,1
чудацкое,0,1
чудачества,7,1, 9,3
чудачество,6,1, 9,1
чудачеством,9,1
чудачка,7,4
чудачки,7,1
чудачкой,7,2
чуде,1,1, 6,5, 7,1
чуден,7,1
чудес,4,3, 6,11, 9,1
чудеса,0,1, 1,1, 3,2, 4,3, 5,2, 6,11, 9,3
чудесам,9,1
чудесами,6,1
чудесато,6,1
чудесах,4,1, 8,1
чудесная,5,1
чудеснейшая,4,1
чудеснейшие,6,1
чудеснейший,7,1
чудесно,1,1, 2,3, 5,1, 6,2, 7,1, 9,6
чудесного,5,1
чудесное,5,1, 6,1, 7,2, 9,2
чудесной,5,1, 6,1
чудесному,5,1
чудесную,5,1, 6,1
чудесные,4,1, 5,3, 6,1
чудесный,0,1, 2,2, 3,5, 4,2, 6,1, 7,1
чудесным,5,1
чудесными,5,2
чудесных,9,1
чудилось,0,1, 5,1
чудище,6,2
чудная,3,2, 6,2, 7,2
чуднее,7,2
чудно,4,1, 6,3, 7,3, 9,1
чудного,6,1, 7,1, 9,1
чудное,6,1, 8,1, 9,1
чудном,7,1
чудному,0,1, 6,1
чуднос,7,1
чудные,5,1
чудный,2,1, 3,2, 5,1, 6,1, 8,1
чудным,9,1
чудных,3,1, 9,1
чудо,1,3, 2,1, 3,2, 4,6, 5,1, 6,23, 7,4, 9,4
чудовища,3,1, 5,5
чудовищам,5,1
чудовище,0,1, 4,1, 5,4, 6,1, 7,1, 9,1
чудовищем,6,1, 8,1
чудовищно,4,1, 6,1
чудовищного,6,1, 8,1
чудовищном,4,1
чудовищности,7,1
чудовищность,6,1, 7,1
чудовищною,4,1
чудовищную,7,1
чудовищны,4,1
чудовищные,4,1, 5,1
чудовищный,5,1
чудовищным,4,1, 6,1, 7,1
чудовищных,4,1
чудодеем,5,1
чудодейственную,6,1
чудом,4,2, 6,4, 7,1, 8,1, 9,2
чудотворная,1,1
чудотворную,2,1
чудотворный,6,1
чудотворных,6,1
чудотворце,6,1
чудотворцем,9,1
чудото,0,1
чуду,6,7
чует,4,1
чужая,0,3, 1,1, 3,1, 6,1, 7,1, 8,2
чуждаетесь,8,1
чуждались,3,2
чуждая,0,1, 1,1
чуждаясь,9,1
чуждо,0,1, 6,1
чуждого,1,3, 3,1
чуждое,1,1, 2,2, 3,2
чуждой,1,1, 2,1
чуждом,1,1
чуждому,2,1
чуждые,2,2
чуждый,0,1, 1,1
чуждым,3,2, 9,1
чуждых,0,1, 2,1
чужестранцев,5,3
чужестранцы,5,2
чужие,1,1, 2,1, 3,2, 4,1, 6,4, 7,4, 8,2, 9,8
чужим,1,2, 6,3, 8,1, 9,3
чужими,0,1, 4,1
чужих,1,6, 2,1, 6,7, 7,2, 8,2, 9,9
чужого,1,3, 2,2, 3,1, 4,1, 6,3, 7,3, 9,1
чужогото,6,1
чужое,0,1, 2,2, 6,2, 7,4, 8,2, 9,3
чужой,0,5, 1,7, 2,6, 3,2, 4,1, 6,7, 7,8, 8,5, 9,3
чужом,2,2, 3,2, 4,1, 6,1, 7,2, 8,1
чужому,1,2, 4,1, 9,1
чужою,0,1, 1,2, 9,1
чужую,1,1, 3,1, 4,1, 5,1, 6,1, 7,1, 9,4
чуйках,2,1
чуйке,2,3
чуйки,2,1
чулан,8,1
чулане,6,1
чуланчике,2,1
чуланчиков,6,1
чулка,3,2
чулках,0,4, 1,3, 2,1, 3,1, 4,2, 5,1
чулке,3,1, 6,2
чулки,1,1, 2,1, 3,3, 4,5, 7,2, 8,2
чулком,1,3, 6,1
чулок,0,1, 1,1, 3,4, 4,2, 6,1, 7,1, 8,4
чулочки,7,1
чума,3,1, 4,1, 6,1
чумааннушка,4,1
чумбурах,1,1
чумным,0,1
чумы,5,1, 7,2
чур,1,2, 2,1
чутка,1,1, 9,1
чуткая,2,1, 3,1, 6,1, 9,1
чуткий,3,1, 4,1, 6,1, 8,1
чутко,5,1, 8,2
чуткое,8,1
чуткости,9,1
чуткостью,1,2
чуток,8,1, 9,1
чуточки,5,1
чуточку,4,1, 6,2, 9,1
чуть,0,13, 1,27, 2,18, 3,12, 4,22, 5,9, 6,76, 7,161, 8,66, 9,93
чутье,1,1, 4,2
чутьем,0,4, 2,3, 3,2, 7,2
чутьчуть,0,1, 1,2, 2,1, 3,1, 4,6, 6,12, 7,12, 8,3, 9,18
чутьчутьс,7,1
чутью,2,1
чуфара,5,6
чухают,6,1
чухна,6,1
чучела,0,1, 5,5
чучело,5,18
чучелом,5,1
чучелу,8,1
чушь,4,3
чую,4,1
чуя,1,1, 2,1, 4,2, 6,1
чуявшего,4,1
чуял,6,1
чуяло,9,1
ччеррт,7,1
чье,4,1, 6,4, 8,1, 9,1
чьего,9,1
чьей,0,1, 1,2, 3,1, 4,2, 8,1
чьейнибудь,7,1
чьем,6,1
чьемнибудь,6,1
чьемто,9,1
чьему,4,1, 6,1, 9,1
чьемунибудь,2,1
чьемуто,0,1, 9,1
чьенибудь,2,1, 9,1
чьето,0,1, 2,1, 4,1, 9,1
чьеюнибудь,9,1
чьи,0,2, 4,1, 6,2, 7,4
чьимнибудь,2,1, 7,2, 8,2
чьимто,0,1, 4,2, 7,1, 9,1
чьинибудь,4,2
чьито,1,1, 2,1, 4,3, 6,1, 8,1, 9,1
чьих,6,1
чьихто,1,1, 7,1, 9,1
чью,0,1, 4,1
чьюто,3,1
чья,0,2, 1,1, 2,1
чьято,0,1, 1,2, 4,2, 5,1, 7,2, 8,1, 9,4
шабаш,0,1, 2,1, 6,2
шаблыкин,9,1
шавка,6,1
шавку,3,1
шаг,0,13, 1,7, 2,4, 3,7, 4,9, 5,1, 6,17, 7,10, 8,3, 9,13
шага,0,2, 1,2, 2,3, 3,3, 4,1, 5,4, 6,2, 7,8, 8,6, 9,12
шагавшего,6,1
шагает,5,1
шагаешь,6,1
шагал,0,1, 2,1, 5,1, 6,7, 7,3, 9,8
шагам,4,1
шагами,0,15, 1,21, 2,19, 3,8, 4,1, 6,14, 7,5, 8,2, 9,5
шагать,6,4, 9,2
шагах,0,9, 1,5, 2,9, 3,1, 4,2, 6,13, 7,14, 8,5, 9,15
шагающей,1,1
шагая,0,4, 1,3, 2,2, 6,4, 8,1, 9,5
шаге,0,1, 2,1, 5,1, 9,1
шаги,0,11, 1,14, 2,10, 3,8, 4,12, 5,1, 6,3, 8,3, 9,6
шагистика,3,1, 9,2
шагнув,6,3, 7,1
шагнул,4,3, 5,2, 6,9, 7,5, 9,9
шагнула,4,2, 6,2
шагнули,9,1
шагнуть,4,1, 6,1, 9,1
шагнутьто,4,1
шагов,0,16, 1,16, 2,13, 3,7, 4,3, 5,3, 6,19, 7,15, 8,3, 9,24
шагом,0,14, 1,4, 2,16, 3,8, 4,4, 5,2, 6,5, 8,4, 9,3
шагу,0,4, 1,1, 2,3, 3,5, 4,5, 5,1, 6,5, 7,10, 8,3, 9,14
шажками,0,1, 3,1, 6,1
шажки,4,7
шажком,6,1
шайка,3,1, 4,5, 9,1
шайке,4,1
шайки,4,5, 6,1
шайкой,4,1
шайку,4,1, 7,1, 9,1
шакалы,6,1
шалава,2,1
шалаш,5,3
шалаша,0,1
шалашами,4,1
шалаше,2,1
шалашей,3,1
шалашик,0,1
шалашики,3,2
шалашиком,2,1
шалашом,1,1
шалашу,2,1
шали,0,1, 1,2, 2,1, 6,1, 7,1, 8,1, 9,3
шалил,3,1
шалила,4,1, 6,1
шалили,6,1
шалит,4,2
шалить,0,1, 6,2, 8,1
шалишь,1,1, 8,1
шалнер,6,1
шаловливая,3,1
шаловливо,8,1
шаловливое,6,1
шаловливой,3,1
шаловливые,5,1
шаловливый,0,1, 8,1
шаловливым,8,1
шалостей,6,1, 9,1
шалости,1,1, 6,2, 7,2, 8,3, 9,3
шалость,0,1, 6,2, 7,7, 8,2, 9,1
шалостях,6,1, 9,1
шалун,2,1, 6,2
шалунам,9,1
шалунов,9,4
шалуном,6,3
шалуны,9,1
шалунья,6,1, 7,1, 8,1
шалфей,6,2
шаль,0,2, 1,2, 2,1, 6,3, 7,1, 9,6
шальме,1,1
шальное,2,1
шальной,9,1
шалью,0,1, 1,1, 4,1, 6,1
шалю,4,1, 6,1
шалями,7,1
шамкающим,2,1
шамкая,1,1, 2,1, 9,1
шампанским,1,1, 4,2, 6,4, 7,2, 8,1, 9,3
шампанского,1,1, 4,3, 6,16, 7,12, 8,2, 9,7
шампанское,0,1, 1,4, 2,1, 4,3, 6,8, 7,6, 8,1, 9,4
шампанскоето,6,1
шампанском,7,1
шампиньон,2,2
шампиньона,2,1
шампиньоновым,4,1
шамшева,3,3
шамшеве,3,1
шамшево,3,2
шамшевой,3,1
шамшеву,3,3
шанель,4,1
шанс,1,1
шансов,4,1, 6,1, 7,1, 9,1
шансы,8,1, 9,1
шанцевым,4,1
шапка,0,1, 1,1, 2,1, 4,3, 5,8
шапками,7,1
шапках,0,1, 1,2, 2,2
шапке,0,1, 1,3, 2,2, 3,1, 5,1
шапки,0,2, 1,2, 2,8, 3,2, 5,19, 6,2, 9,4
шапкой,5,3
шапкойневидимкой,0,1
шапкою,3,1
шапку,1,7, 2,5, 5,10, 6,1, 7,1, 8,1, 9,2
шапкуворонку,5,1
шапкуто,2,2, 5,1
шаповалов,3,2
шапок,2,2
шапочка,0,2, 4,1
шапочке,4,6
шапочку,4,3, 6,1
шапочному,6,1
шар,0,2, 2,12, 3,4, 4,3, 5,9, 7,1, 9,1
шара,3,1, 4,1, 5,1, 9,2
шарабан,7,1
шарабана,9,1
шарабане,9,1
шарабаном,7,1
шарахался,4,1
шарахаются,2,1
шарахающую,1,1
шарахнувшуюся,2,1
шарахнулась,0,3, 4,2
шарахнулись,4,2
шарахнулся,4,1
шаре,1,1, 2,1, 3,1, 5,2, 9,2
шаривари,7,2
шарик,9,1
шарики,5,2
шарили,2,1
шарит,4,1
шарить,4,1, 9,1
шарканье,9,1
шаркать,4,1
шаркающей,4,1
шаркая,4,1
шаркнув,4,1, 5,2
шаркнул,6,1, 7,1
шарлатан,3,1, 4,1, 7,1
шарлатанам,4,1
шарлатанство,6,1, 7,1
шарлатану,4,1
шарма,4,1
шармера,9,1
шармеровском,9,1
шарнирах,5,2
шарнире,4,1
шаров,6,1
шаровар,2,1
шаровары,2,1
шаром,2,3
шаромыжку,6,1
шаррас,7,2
шарраса,7,1
шару,5,1
шарф,0,5, 2,1, 3,1, 6,1, 7,1, 9,3
шарфа,6,1, 7,3
шарфами,2,1, 3,1
шарфах,0,1
шарфе,0,1, 2,2, 3,1
шарфзин,8,1
шарфом,3,1, 7,1
шаршавя,2,1
шары,2,2, 4,3, 5,1
шаря,0,1, 4,2
шасср,7,1
шасть,4,1
шатается,7,1
шатались,6,1
шатало,4,1
шаталось,9,1
шатался,3,1, 9,1
шататься,6,1, 9,1
шатающееся,9,1
шатающиеся,9,1
шатающийся,9,1
шатающимися,2,1
шатая,2,1
шатаясь,0,2, 1,1, 2,1, 3,1, 4,2, 5,1, 6,2, 7,1
шатен,4,1
шатер,2,1
шатким,1,1
шаткое,6,1, 9,1
шаткость,2,1
шатнуло,4,1
шатнулся,4,1
шатобриан,3,1
шатобриана,3,4
шатов,9,275
шатова,9,117
шатове,9,5
шатовокирилловского,9,1
шатовского,9,1
шатову,9,26
шатовым,9,11
шатовых,9,1
шатодефлр,7,1
шатодефлра,7,1
шатодефлре,7,1
шатодефлрские,7,1
шатодикему,9,3
шатостию,7,1
шатрами,4,1
шатров,4,1
шатром,1,1
шатры,4,1
шатушка,9,27
шафер,4,1, 7,1
шафера,7,3
шафером,7,1
шафранножелтым,2,1
шах,4,5
шаха,4,2
шахматах,2,1
шахматная,4,1
шахматного,1,1, 4,1
шахматной,2,2
шахматношашечный,4,1
шахматные,4,3
шахматный,7,1
шахматным,4,1
шахматы,0,2, 1,1, 2,2, 4,1, 7,2
шахова,1,1
шашек,2,1, 4,1
шашка,0,1, 9,1
шашкам,4,1
шашками,2,1, 4,1
шашках,2,1
шашки,0,1, 7,1
шашкой,2,1
шашку,3,1, 4,1
швабрина,7,1
швагцу,3,1
шваль,7,2, 9,1
швальня,3,1
швам,4,1, 6,3, 8,1, 9,1
шварк,7,1
шваркнул,6,2
шваркнула,7,5
шварценберг,1,1
шварцернберга,0,1
швед,6,1
шведов,2,1
шведом,2,1
шведский,2,2
шведскими,0,1
шведского,2,1
шведы,2,1
швейцар,0,2, 2,1, 4,14, 7,3, 8,1, 9,2
швейцара,1,1, 4,6, 7,1, 9,2
швейцарам,4,1
швейцарецгувернер,1,1
швейцарии,1,2, 2,2, 3,1, 7,33, 8,1, 9,35
швейцарию,1,1, 7,6, 8,1, 9,7
швейцария,7,3
швейцарка,7,1
швейцаров,4,2
швейцаром,4,1
швейцарская,4,1
швейцарские,7,1
швейцарский,7,3, 9,2
швейцарским,6,1
швейцарских,9,1
швейцарского,7,2
швейцарское,7,1
швейцарской,3,1, 4,3, 7,3, 9,2
швейцарском,7,1
швейцарскую,4,1
швейцару,0,2
швейцарумизантропу,4,1
швейцарцев,2,1
швейцарцем,7,1
швейцарцемвоспитателем,1,1
швейцарцу,3,1
швернот,8,1
швеция,0,1, 2,1
швырком,6,1
швырнет,6,1, 8,3
швырнул,0,1, 3,1, 4,6, 6,1, 7,1
швырнула,6,1
швырнуло,4,2
швырнут,2,1
швырнуть,4,2
швыряет,0,1
швырял,0,1
швыряло,4,1
швырять,7,1
шевалье,9,1
шевардина,2,1
шевардине,2,4
шевардинский,2,10
шевардинского,2,7
шевардинское,2,1
шевардинском,2,2
шевардинскому,2,2
шевардину,2,2
шевардиным,2,1
шевеление,6,1, 9,2
шевеления,4,1
шевеленье,1,1
шевелившуюся,0,1
шевелил,1,1, 9,1
шевелила,6,1, 8,1
шевелилась,1,2, 2,2, 3,1, 6,2, 7,1
шевелились,0,1, 2,1, 4,2, 7,2, 9,1
шевелилось,0,1, 2,1, 7,1
шевелился,0,2, 1,1, 3,1, 6,3, 9,1
шевелите,9,1
шевелить,9,1
шевелиться,0,2, 3,2
шевельнетесь,9,1
шевельнется,4,1
шевельну,6,1
шевельнув,4,1
шевельнул,1,1, 4,1
шевельнула,6,1
шевельнулась,4,1, 7,1, 9,3
шевельнулись,4,2
шевельнулось,6,2, 7,1
шевельнулся,4,7, 7,2, 9,4
шевельнуться,4,1, 6,3, 9,1
шевелюру,4,1
шевеля,8,1
шевелясь,0,1, 1,1, 3,1, 4,2, 6,2, 8,1, 9,2
шевелятся,2,1
шевелящейся,4,1
шевелящие,2,1
шевелящих,6,1
шедевр,6,1, 9,1
шедшая,0,2, 2,1, 3,1, 9,1
шедшего,2,2
шедшей,0,1, 1,2, 2,3, 3,1
шедшему,0,3, 3,1, 6,1
шедшие,0,3, 1,1, 2,5, 3,5, 4,3
шедший,0,4, 2,1, 3,2, 4,1, 7,1
шедшим,0,1, 2,2
шедшими,0,3
шедших,0,1, 1,1, 2,2, 3,1, 4,1, 7,1
шедшую,0,2, 2,1, 3,1
шее,0,5, 1,5, 2,8, 3,1, 4,16, 5,5, 6,14, 7,7, 8,2, 9,4
шеей,0,1, 1,3, 2,5, 3,3, 4,2, 9,2
шеи,0,5, 1,1, 2,2, 3,3, 4,4, 5,1, 6,10, 7,2, 9,2
шейками,4,1
шейке,0,1
шейки,1,1
шейный,7,1, 8,1
шекспир,9,3
шекспира,9,5
шекспиров,9,1
шекспировскую,6,1
шел,0,28, 1,16, 2,18, 3,23, 4,23, 6,33, 7,26, 8,18, 9,10
шелест,7,1
шелеста,7,1
шелестели,2,1
шелестеть,4,1
шелестом,2,1, 7,1
шелингу,0,1
шелк,4,2
шелка,4,1
шелки,9,1
шелковая,4,1, 7,1
шелкового,0,1, 2,1, 7,1
шелковое,7,1
шелковой,1,1, 4,2, 8,1
шелковом,0,1, 1,2, 2,3, 4,3, 6,2, 7,2, 9,2
шелковую,6,1
шелковые,1,1, 2,1, 4,2, 7,2, 9,1
шелковый,3,1, 4,1, 6,1, 7,1, 9,1
шелковым,1,2, 4,1, 6,2, 7,2
шелковыми,0,2, 4,1
шелковых,1,2, 4,2, 6,1
шелком,1,1, 4,3, 7,2
шелку,1,1, 7,1
шеллинга,3,1
шелопаев,9,1
шелопаи,9,1
шелохнувшись,6,1
шелудивая,9,1
шелуха,4,1
шельма,3,6, 6,8, 8,2
шельму,6,1
шельмы,6,4
шельмыс,6,1
шенапанс,7,1
шенбрунна,0,1
шенбрунне,0,2
шенбрюнн,0,1
шенграбен,0,4
шенграбена,0,1
шенграбене,1,1
шенграбеном,0,1, 1,1
шенграбенским,1,1
шенграбенское,0,2
шенграбенском,1,1
шенграбенскому,1,1
шепграбеном,2,1
шепелявенье,1,1
шепелявя,1,1, 3,1, 9,1
шепни,6,1, 9,1
шепнув,2,1, 4,2
шепнул,1,1, 2,1, 4,30, 6,3, 7,11, 8,3, 9,5
шепнула,0,1, 4,3, 7,1, 8,4, 9,2
шепнули,4,1, 7,1
шепнуло,6,1
шепнуть,4,1, 6,2, 7,1, 9,1
шепот,2,1, 3,2, 4,3, 6,2, 7,1, 9,3
шепоте,7,1
шепотом,2,15, 3,15, 4,17, 6,17, 7,20, 8,12, 9,22
шепоту,2,1
шептал,0,1, 1,2, 3,1, 4,19, 6,5, 7,3, 9,2
шептала,0,2, 1,2, 3,2, 4,10, 6,1, 8,4, 9,1
шепталась,7,1, 9,1
шептали,1,2, 4,2, 7,1
шептались,4,2, 6,2, 9,2
шептался,4,1, 6,1
шептанье,2,1
шептать,4,3, 7,1, 9,2
шептаться,7,1, 9,1
шепча,2,1, 4,2
шепчась,1,1
шепчет,4,1, 6,3, 7,1, 8,1
шепчешь,6,1
шепчу,6,6, 8,1
шепчут,4,1
шепчутся,4,2, 9,1
шепчущая,0,1
шепчущей,2,2
шепчущиеся,3,1
шепчущий,2,2
шеренги,3,1
шерер,0,9
шероховато,7,1
шероховатости,2,1
шерсти,1,1, 3,1, 4,2, 6,2, 8,1
шерстинку,0,1
шерсточку,8,1
шерсть,0,1, 1,1, 4,5, 5,4, 8,1
шерстью,1,2, 9,1
шерстяной,9,1
шерстяном,3,1, 7,1, 9,1
шерстяную,6,1
шерстяные,8,1
шерстяных,3,1
шершавый,9,1
шершни,2,1
шест,2,1, 5,6
шеста,5,1
шестам,5,1
шестах,5,1
шестая,6,1, 9,4
шествие,2,1, 4,2, 5,1
шествию,2,2
шествия,6,1
шествует,4,1
шесте,5,5
шестерен,3,1
шестериком,0,1, 2,1
шестерни,0,1, 2,1
шестерня,3,1
шестеро,6,2
шестерых,7,1
шести,0,2, 1,1, 2,4, 3,2, 4,3, 6,5, 7,12, 8,2, 9,12
шестидесяти,2,3, 3,1, 6,4, 7,2, 9,2
шестидесятиверстном,2,1
шестидесятилетней,3,1
шестидесятилетнем,8,1
шестидесятитысячную,3,2
шестилавочной,7,1, 8,2
шестилетнему,1,1
шестилетний,6,1
шестилетняя,2,1
шестиместный,4,1
шестипалого,6,2
шестипалым,6,1
шестисот,1,1, 7,2
шестисоттысячная,3,1
шестиствольным,9,1
шестиэтажном,4,1
шестнадцати,0,1, 3,1, 6,1, 7,1, 9,2
шестнадцатилетнего,9,1
шестнадцатилетней,2,1
шестнадцатилетнему,2,1
шестнадцатилетний,2,1
шестнадцатилетняя,1,1, 6,1
шестнадцатом,4,1, 6,1
шестнадцатому,9,1
шестнадцать,0,1, 2,2, 3,1, 6,1
шестнадцатью,3,1
шестого,2,1, 3,1, 4,3, 6,2
шестое,4,3, 6,2
шестой,0,4, 3,2, 4,1, 6,4, 7,2, 8,5, 9,1
шестом,2,1, 3,1, 4,1, 5,3, 6,2, 7,2, 8,1, 9,2
шестому,2,1
шестую,6,1, 8,5, 9,1
шесты,5,2
шестые,2,2
шестым,3,2
шестых,7,1
шесть,1,6, 2,7, 3,7, 4,3, 6,29, 7,34, 8,8, 9,26
шестьдесят,2,2, 3,1, 4,1, 5,2, 6,7, 7,12, 8,1, 9,1
шестьсот,1,1, 2,2, 3,2, 8,1
шестью,6,1
шеф,4,2, 6,1
шефа,2,1
шефом,9,1
шефу,4,1
шею,0,6, 1,8, 2,4, 4,19, 5,7, 6,16, 7,3, 8,6, 9,5
шея,0,2, 1,2, 2,2, 4,3, 5,1, 6,1, 9,1
шеями,0,1, 2,2
шеях,1,1
шибали,6,1
шибко,1,1, 9,2
шибкою,0,1
шибче,1,2
шиворот,1,1, 2,1, 6,1, 7,1, 9,4
шивь,0,1
шигалев,9,33
шигалева,9,6
шигалеве,9,1
шигалеву,9,1
шигалевщина,9,7
шигалевщине,9,2
шигалевщину,9,3
шигалевым,9,1
шигалевых,9,1
шизофрении,4,1
шизофреник,4,1
шизофрения,4,4
шик,7,2
шикает,8,1
шикали,9,2
шикарных,4,1, 6,1
шиковатых,6,1
шику,6,1, 9,1
шил,3,1
шила,4,1
шили,0,1
шилка,4,1
шилку,4,1
шиллер,4,1, 8,1
шиллера,6,6, 8,3
шиллеровских,8,1
шиллеровщина,8,1
шиллеровщины,8,3
шиллеру,8,1
шильник,6,1
шильце,0,1
шимпанзе,4,1
шин,4,1
шинелей,0,3, 2,1, 3,1
шинели,0,16, 1,1, 2,10, 3,8, 8,2, 9,3
шинелишке,7,1
шинель,0,9, 2,6, 3,3, 7,1, 8,1, 9,3
шинельке,3,1
шинелью,2,1, 3,4, 7,1, 8,1
шинелями,2,1
шинелях,0,4, 1,1, 2,1
шиншин,0,9, 1,8, 2,5
шиншина,0,3, 1,1, 2,1
шиншиной,0,1
шиншину,1,1
шиншиным,0,1, 1,1
шиньон,9,2
шипел,1,1, 4,3
шипела,9,1
шипели,2,1
шипение,3,1, 4,1
шипением,4,1
шипеньем,5,1
шипенья,2,2
шипов,1,1, 8,1
шипучий,1,1
шипы,8,1
шипя,4,1
шипят,0,1
шипящее,4,2
шипящий,4,2
шипящим,2,1
шире,0,2, 4,1, 5,1, 7,1, 9,2
шириной,1,1
ширину,8,1
ширины,1,1, 3,1, 7,2
ширм,0,1, 1,1
ширмами,0,1, 6,8
ширмочками,6,1
ширмочки,5,2
ширмы,1,1, 5,1, 8,1
широк,4,1, 5,1, 6,4, 7,1
широкая,0,1, 1,3, 4,2, 5,2, 6,1, 7,1, 8,1
широки,6,3
широкие,0,2, 2,1, 4,1, 6,3, 8,1, 9,1
широкий,0,3, 2,1, 3,1, 5,1, 6,1, 7,5, 8,2, 9,1
широким,0,3, 2,2, 3,1, 4,3, 9,2
широкими,0,2, 1,1, 2,1, 5,2, 6,1, 9,4
широких,1,1, 2,1
широко,0,3, 1,3, 2,2, 3,3, 4,11, 5,6, 6,8, 7,2, 9,4
широкого,2,1, 6,1
широкое,1,1, 4,2, 6,1, 9,1
широкозадая,1,3
широкой,0,2, 1,2, 2,2, 4,4, 5,3
ширококост,2,1
ширококостной,0,1
ширококостые,1,3
ширококостый,1,1
широколицый,6,1
широком,0,1, 1,1, 3,1, 6,1, 7,1, 8,1, 9,1
широкому,0,1, 2,1, 5,1
широкопетлистую,4,1
широкоплечего,0,1
широкоплечий,0,1, 4,1
широкополая,7,1
широкополою,6,1
широкополую,9,1
широкополые,5,1
широкоразъезженную,1,1
широкораскрытыми,1,1
широкою,0,1, 7,1, 9,2
широкую,1,2, 2,2, 4,3, 7,1
широты,0,2, 6,1
шитов,1,1
шитой,2,1
шитом,0,2, 1,2
шиты,0,1
шитые,1,1
шитый,0,1, 7,1, 8,1
шитых,0,1
шить,3,2, 6,3
шитье,0,1, 3,1, 7,1
шитьем,1,1, 7,2
шифоны,4,1
шифоньерке,7,1
шифоньерку,2,1
шифоньерок,0,1
шифоньерочка,2,1
шифре,0,1
шифром,1,1
шиш,6,2, 7,1, 8,1
шиша,6,1
шиши,4,1
шишками,2,1
шишки,0,1
шишков,2,1
шишкова,3,1
шишковым,2,1
шишкой,5,1
шишкойносом,2,1
шишку,2,1
шкап,6,3, 7,1
шкапа,6,1
шкапе,6,1
шкапик,6,3
шкапика,6,1
шкапике,6,1
шкапику,6,1, 8,1
шкапчик,1,1, 7,3
шкапчике,7,1
шкапчиков,0,1
шкапчиком,1,1
шкапы,9,1
шкатулка,0,1
шкатулке,6,1
шкатулки,0,1, 1,1, 7,1, 8,1
шкатулкой,2,1
шкатулку,1,2, 2,1, 6,2, 7,1, 9,1
шкатунке,6,2
шкатунки,6,1
шкаф,4,2, 5,1, 6,4, 7,2, 9,4
шкафа,1,1, 4,1, 5,3, 6,3, 9,4
шкафами,7,1
шкафах,4,2
шкафика,4,1
шкафики,4,1
шкафов,4,1
шкафом,4,1, 8,1, 9,1
шкафу,1,1, 2,1, 4,2, 6,1
шкафчиками,2,1
шкафы,0,1, 2,1, 3,1, 4,1
шкворнев,6,1
школ,1,2
школа,5,1
школами,2,1
школах,6,3, 7,1
школе,6,6, 7,2, 9,3
школой,6,1
школу,6,6, 7,3, 9,1
школы,1,4, 2,1, 6,5, 7,3, 8,1
школьник,6,7, 7,1, 8,1, 9,1
школьника,0,1, 3,1, 6,3, 7,1, 9,1
школьниками,6,3
школьникамученикам,0,1
школьниках,6,2
школьнике,6,1
школьники,6,6, 9,1
школьников,6,5, 7,1, 9,1
школьнику,6,1
школьнич,0,1
школьничал,9,1
школьнически,7,1
школьническом,6,1
школьничества,9,1
школьничествами,9,1
школьничество,9,1
школьного,7,1, 8,1, 9,1
школьное,7,3
школьный,7,3
школьным,6,1
шкугу,0,1
шкур,5,1, 6,1
шкура,6,1
шкурами,1,1
шкуре,2,1, 4,2, 9,1
шкурой,1,1, 4,2
шкуру,2,1, 4,1, 6,2
шкуры,1,2, 2,1
шл,5,3
шла,0,10, 1,13, 2,6, 3,10, 4,8, 5,5, 6,8, 7,7, 8,14, 9,3
шлапаниц,0,1
шлапанице,0,1
шлапаницем,0,2
шлафроке,6,1, 7,1, 8,1
шлейф,4,1
шлейфом,6,1, 9,1
шлем,4,2, 9,1
шлема,4,2, 5,1
шлемы,4,2
шлепали,1,1, 7,1
шлепались,0,1
шлепало,0,1
шлепанье,2,2, 4,1
шлепаньем,2,1
шлепая,1,1, 2,4, 3,2, 4,1
шлепнувшегося,0,1
шлепнувшие,3,1
шлепнул,4,2
шлепнулась,2,1
шлепнуло,2,1
шлепнулось,0,2
шлепнулся,4,1, 6,1, 7,2
шлешь,9,1
шлею,2,1
шли,0,20, 1,7, 2,23, 3,21, 4,9, 5,18, 6,4, 7,8, 8,7, 9,7
шлковое,5,1
шлковом,5,1
шло,0,7, 1,5, 2,3, 3,3, 4,6, 5,2, 6,5, 7,9, 8,3, 9,4
шлоссер,3,1
шлоссера,7,3
шлык,8,1
шлют,0,1, 6,1
шлюх,6,1
шлюхой,0,1
шляется,0,1, 3,1, 4,1, 8,1
шляешься,6,1
шлялся,6,1, 8,1
шляп,4,1, 9,1
шляпа,0,1, 1,1, 4,3, 5,1, 6,4, 7,2, 8,2, 9,5
шляпами,5,1
шляпах,0,1, 1,1, 5,2
шляпе,0,3, 1,2, 2,11, 3,3, 4,3, 5,2, 6,1, 7,1, 8,3, 9,2
шляпенка,7,1
шляпка,4,1
шляпке,4,1, 8,1
шляпки,7,1
шляпку,2,1, 8,3
шляпные,8,1
шляпой,0,1, 1,1, 6,3, 7,2, 8,1, 9,4
шляпочках,4,1
шляпочку,4,1
шляпу,0,2, 1,3, 2,15, 3,3, 4,11, 5,9, 6,7, 7,16, 8,16, 9,24
шляпуто,7,1
шляпы,0,1, 1,1, 2,3, 3,1, 4,3, 5,8, 8,5, 9,7
шляться,6,1, 8,1
шляхетной,6,1
шляхетных,6,1
шляхтич,6,1
шляюсь,8,1
шмели,2,1
шмеля,2,1
шмерцова,6,1
шмидт,2,1, 7,2
шмидтом,6,1
шмит,0,3
шмита,0,2
шмите,0,1
шмитом,0,1
шмыг,8,1
шмыгали,6,1, 9,2
шмыгающих,4,1
шмыгая,4,1
шмыгнул,4,1, 7,1
шмыгнула,2,1, 5,1
шмякнет,2,1
шнейдер,2,1, 7,13
шнейдера,7,5
шнейдере,7,1
шнейдерова,7,1
шнейдером,7,2
шнейдеру,2,1, 7,3
шнуре,4,1
шнурками,7,1
шнурке,6,1, 8,1
шнуркито,0,1
шнурков,1,1
шнурком,6,1
шнурованному,4,1
шнурочек,8,1
шнырявшие,3,1
шнырявших,4,1
шныряеттаки,9,1
шнырял,9,1
шныряли,2,1, 3,1, 4,1, 9,1
шныряют,2,1, 8,1
шныряющая,6,1
шныряющего,7,1
шныряющий,6,1
шныряющим,9,1
шныряющих,4,1
шов,3,1
шовинизм,6,2
шоколад,6,1
шоколадной,4,1
шоколадных,4,1
шоколаду,6,2
шоколатных,6,1
шоколатом,6,2
шоколату,6,1
шомпол,3,3
шомполами,0,1
шомполом,3,1
шопена,7,1, 9,1
шопот,0,4, 1,5
шопотом,0,17, 1,29
шопоты,0,1
шорох,1,1, 2,1, 3,2, 4,2, 5,1, 6,1, 9,1
шороха,4,1
шорохи,4,1
шорохом,4,1
шороху,1,1, 6,1
шос,0,1
шоссе,4,1
шотландские,1,1, 2,1
шотландских,1,1
шотландском,1,1
шофер,4,9
шофера,4,4
шофером,4,1
шоферском,4,1
шоферу,4,4
шоферы,4,1
шпага,0,1, 1,1, 4,3, 6,1, 8,1
шпагами,1,1, 3,1
шпагах,3,1
шпаге,3,1, 4,1, 6,1
шпаги,0,1, 1,4, 3,1, 4,5
шпагой,0,3, 1,2, 2,1, 4,4, 7,1
шпагу,0,7, 1,3, 2,5, 3,3, 4,5, 6,3, 7,1, 9,1
шпажками,3,1
шпажкой,0,1
шпажку,0,1
шпацирен,6,1
шпиговать,7,1
шпигует,7,2
шпигулин,9,1
шпигулинская,9,1
шпигулинские,9,9
шпигулинский,9,1
шпигулинских,9,7
шпигулинского,9,1
шпигулинской,9,2
шпигулины,9,1
шпигулиных,9,5
шпигующая,7,1
шпиль,3,1
шпильки,7,1
шпингалет,4,1
шпингалета,4,1
шпион,1,3, 3,1, 4,4, 7,1, 9,7
шпиона,1,1, 9,1
шпионах,2,1
шпионил,6,1, 7,1
шпионили,7,1, 8,1
шпионить,6,2, 7,2, 8,1
шпионов,2,1, 6,1
шпионом,6,1, 9,1
шпионства,6,1
шпионстве,2,1, 9,1
шпионство,2,1, 9,3
шпиону,9,1
шпионы,1,1, 2,1, 9,1
шпионя,6,1
шпионят,9,1
шпичкин,4,1
шпор,0,1, 1,3, 4,1
шпорами,0,6, 1,5, 2,1, 3,1
шпорой,0,1, 1,2
шпоры,0,5, 1,1, 2,1, 4,1
шпоря,0,2
шпот,5,1
шпотом,5,3
шприц,4,2
шприцем,4,1
шпыняет,6,2
шпынять,7,1
шрам,2,1, 4,2
шрама,0,1, 4,1
шрифт,7,10
шрифтами,7,1
шрифтом,7,2
шрстку,5,1
шрт,5,1
штаб,0,6, 1,3, 2,2, 3,6, 7,1
штаба,0,3, 1,2, 2,11, 3,3
штабами,3,4
штабе,0,8, 1,2, 2,7, 3,4
штабеля,4,2
штабквартиру,2,1
штаблекарь,9,1
штабная,3,1
штабному,3,1
штабные,2,1, 3,1
штабный,2,2, 3,2
штабным,0,2, 3,1
штабными,3,1
штабных,0,4, 2,5, 3,2
штабов,2,2
штабом,0,3, 3,2
штабофицер,0,21, 2,1, 9,1
штабофицера,0,5
штабофицерка,8,3
штабофицеру,0,1
штабротмистр,0,13, 9,1
штабротмистра,0,2
штабс,6,1
штабскапитан,0,1, 6,56, 7,1, 9,1
штабскапитана,0,1, 6,16
штабскапитане,6,2
штабскапитаном,6,3, 7,1, 9,2
штабскапитанс,6,1
штабскапитанское,6,1
штабскапитану,6,3
штабскапитаншу,6,1
штабу,2,1
штабы,0,1
штанах,4,1, 6,1
штандартом,4,1
штанину,1,1
штанишки,6,1
штанов,4,2
штаны,2,1, 4,3
штате,2,1
штатов,9,1
штатом,9,1
штатские,1,1
штатский,0,1, 1,1
штатское,4,1, 7,3
штатском,0,1, 1,1, 2,1, 7,1
штату,6,1
штаты,9,1
штейн,2,6
штейна,3,2
штейнов,2,1
шти,6,1
штиблет,7,1
штиблетам,7,1
штиблетами,7,1
штиблетах,0,1, 2,1, 3,1, 7,2
штиблетишках,7,1
штиблетишки,7,1
штиблетишкито,7,2
штиблетов,7,1
штиблеты,7,1
штиль,0,1
што,8,1
штопор,7,2
шторами,4,2
шторкой,4,1
шторку,4,1
шторой,4,2
шторою,4,1
штору,4,6, 8,1
шторы,4,2, 9,1
штоф,6,2
штофная,7,1
штофной,1,1
штральзунде,0,1
штраус,4,2
штраух,0,1
штраф,2,8
штрихами,9,1
штук,4,4, 5,1, 6,3, 7,3, 9,2
штука,0,2, 2,1, 4,7, 5,1, 6,8, 8,1, 9,5
штукам,6,1
штукарей,4,1
штукато,6,1
штукатурам,3,1
штукатурки,4,1
штукатуркой,1,1, 3,1
штукатурку,2,1, 9,1
штукатурная,4,1
штукатурной,3,1
штуке,5,1
штуки,0,1, 3,1, 4,5, 6,4, 8,1, 9,1
штукой,9,2
штуку,0,1, 1,1, 2,1, 4,5, 6,9, 7,1
штурман,4,5
штурмовал,2,1
штурмовать,2,1
штурмующую,4,1
штурмуя,4,1
штучек,6,1
штучка,6,1, 9,1
штучки,1,1, 4,1, 6,1
штучку,6,3, 9,1
штучным,7,1
штык,2,1, 6,1
штыкам,2,1
штыками,0,4, 9,1
штыки,0,2, 2,2
штыков,0,3, 2,2
штыком,0,2, 1,1, 2,1, 3,1
штям,6,1
шуб,3,1, 9,1
шуба,1,1, 6,1, 7,2
шубах,3,1, 7,1
шубе,1,3, 3,2, 6,1, 7,1
шубейке,8,1
шубейку,8,1
шубенку,3,1
шуберт,0,2
шуберта,4,1
шубках,2,1
шубке,0,2, 1,2, 3,1, 8,2
шубки,1,1
шубку,1,5
шубой,0,1, 7,2
шубу,0,1, 1,9, 2,1, 3,1, 6,3, 7,7, 9,1
шубуто,7,1
шубы,1,1, 6,1
шулер,1,1
шулеров,4,1
шулерство,0,1
шульц,8,4
шульца,8,1
шульцу,6,1
шум,0,2, 1,3, 2,2, 3,1, 4,13, 5,3, 6,7, 7,13, 8,4, 9,11
шума,0,1, 1,2, 2,2, 3,1, 4,2, 9,1
шуме,7,1, 9,1
шумевший,3,1
шумевших,1,1
шумел,3,1, 4,1, 6,1, 8,2, 9,1
шумели,0,1, 7,1, 9,1
шумело,4,1, 7,1
шуметь,0,1, 2,1, 7,1, 9,1
шумиловой,8,1
шумиловых,8,1
шумит,4,2, 5,1
шумите,0,1
шумливый,7,1
шумная,7,1
шумнее,7,1
шумней,7,1
шумно,0,1, 1,2, 4,2, 7,5
шумного,4,1
шумное,7,1
шумной,4,1, 9,1
шумном,7,1
шумную,7,1
шумны,7,1
шумные,0,1
шумным,2,1
шумом,0,2, 1,1, 2,1, 5,4, 6,2, 7,4, 8,1, 9,2
шуму,0,1, 1,1, 4,1, 7,5
шумя,0,2, 1,1, 2,2, 3,1, 4,2
шумят,7,1
шумящие,6,1
шумящий,1,1
шумящими,0,1
шурин,1,2, 2,1
шурина,2,1
шурином,1,1, 3,1
шурину,1,1, 2,1
шуршал,4,1, 8,1
шуршанъе,2,1
шуршанье,1,2, 2,1
шуршанья,1,1
шустрый,3,1
шут,1,3, 2,1, 3,1, 6,15, 7,2, 9,5
шута,1,2, 4,1, 6,12, 7,4, 8,1, 9,4
шутами,2,1, 4,1
шуте,6,1
шути,0,1, 1,1, 6,1, 8,1
шутил,0,3, 1,1, 2,2, 3,1, 6,1, 7,2, 9,2
шутила,1,1, 6,1, 7,1, 8,4
шутили,0,1, 1,1, 2,3, 6,1, 9,1
шутит,3,1, 6,3, 7,1, 9,1
шутите,1,1, 4,1, 6,2, 7,1, 8,1
шутитес,9,1
шутить,0,6, 1,6, 2,3, 6,1, 7,2, 9,1
шутихами,2,1
шутиху,2,1
шутишь,1,1, 6,6, 8,2
шутка,0,2, 1,2, 2,2, 3,3, 6,3, 7,13, 8,10, 9,6
шуткам,0,1, 7,1, 9,1
шутками,0,1
шуткарярегента,4,1
шутках,3,1
шутке,0,1, 6,5, 7,1
шутки,0,4, 1,4, 2,5, 6,12, 7,8, 8,1, 9,2
шуткой,1,2, 6,1, 8,1, 9,2
шуткою,4,1
шутку,0,1, 1,3, 2,3, 3,1, 6,8, 7,5, 8,2, 9,4
шуткуто,6,1
шутливее,9,2
шутливо,0,1, 1,3, 2,1, 6,2, 9,2
шутливого,1,1
шутливое,2,1
шутливой,0,1
шутливости,2,1, 6,1, 7,1
шутливость,6,1, 8,1
шутливостью,1,1, 9,1
шутливою,0,1
шутливую,9,2
шутливые,1,1
шутливый,0,1, 2,1, 8,2, 9,2
шутливым,7,1, 9,1
шутник,0,1, 1,1, 2,1, 6,1
шутника,0,1, 1,1
шутником,0,1
шутникпесенник,3,1
шутов,6,2
шутовские,9,2
шутовского,6,1
шутовское,4,1, 9,1
шутовской,6,2, 9,1
шутовском,7,1
шутовство,6,3
шуток,0,3, 1,1, 2,2, 3,3, 6,2, 8,2
шутом,0,2, 4,1, 6,3, 9,3
шуточками,1,1, 4,1
шуточки,0,2, 1,1, 2,1, 4,3
шуточкой,4,1, 6,1
шуточно,0,1
шуточное,1,1
шуточные,8,2
шуту,4,1, 6,1
шуты,6,2
шутя,1,4, 2,1, 3,1, 6,3, 7,1
шутят,0,1
шучу,0,4, 1,2, 2,1, 4,1, 6,3, 7,2, 9,1
шушель,8,10
шушера,6,1, 7,1
шушуканье,4,1
шушукающихся,3,1
шушукая,9,1
шую,3,1
шшшш,1,1
шшшшлеп,0,1
шшь,6,1
шьет,7,1
шьют,1,1, 7,1
щ,7,78
щади,6,1, 7,1
щадил,9,3
щадила,6,2
щадили,6,1
щадит,9,1
щадите,7,1
щадить,2,2, 6,1, 7,3, 9,1
щадя,2,1, 6,1, 7,1
щадят,6,1
щажу,6,1, 7,1
щай,5,1
щах,7,1
щебетание,4,1
щебня,4,1
щеглом,6,1
щеголеватее,7,1
щеголевато,0,1, 2,1, 7,1, 9,2
щеголеватостию,7,1
щеголеватых,0,1
щеголей,1,1
щеголем,0,1, 1,1, 7,1
щеголечка,6,1
щеголь,6,1, 7,1
щегольки,2,1
щегольнул,7,1
щегольнуть,7,1
щегольски,0,1, 6,2, 7,1, 9,4
щегольские,6,1
щегольских,0,1, 9,1
щегольское,6,2
щегольской,0,1, 2,1, 6,1
щегольском,1,1, 6,1, 8,1, 9,1
щегольства,2,1
щегольством,0,1, 2,1
щеголявшею,6,1
щеголявший,9,2
щеголял,9,1
щеголяли,0,1
щеголять,6,2
щеголяют,1,1, 9,1
щеголяющий,0,1
щеголяя,0,2, 1,1
щедрину,6,1
щедрости,1,1
щедрость,1,3
щедрот,2,1, 9,3
щедротах,2,1
щедроты,2,1
щедрою,6,1
щедры,6,1
щедрый,4,1, 8,1
щей,2,1
щек,0,2, 1,2, 2,2, 4,1, 7,2
щека,2,1, 4,2
щекам,0,1, 2,1, 3,2, 4,1, 5,1, 7,2, 8,2, 9,4
щеками,0,1, 1,2, 2,1, 3,2, 4,1, 5,1, 7,3, 9,2
щеках,0,1, 1,1, 2,1, 4,2, 6,4, 7,8, 8,3, 9,2
щеке,0,2, 2,5, 4,1, 6,4, 7,3, 8,2, 9,9
щеки,0,8, 1,4, 2,1, 3,2, 4,8, 6,9, 7,4, 8,6, 9,3
щекой,0,1, 2,1, 4,3, 7,1, 9,1
щеколда,2,1, 6,1
щеколду,6,2
щекотали,6,1
щекоталс,6,1
щекотливая,6,1, 7,1, 9,1
щекотливо,6,1, 7,1
щекотливое,4,1, 6,1, 8,2
щекотливом,9,2
щекотливости,9,1
щекотливые,8,2
щекотливый,6,1, 8,1
щекотливых,7,1, 8,1
щекотно,7,1
щекоча,3,1
щеку,0,6, 1,2, 2,3, 4,11, 6,4, 7,3, 9,5
щели,2,1, 3,1, 4,3
щелка,8,1
щелкал,1,1
щелкали,0,1
щелкать,6,1
щелкаю,4,1
щелкая,4,1
щелке,4,1
щелки,4,1
щелкнет,6,2
щелкнул,0,1, 1,3, 3,1, 4,2, 6,1, 8,2
щелкнула,4,1, 6,1, 9,1
щелконуть,0,1
щелкопер,8,1
щелкоперов,8,1
щелку,2,1, 6,3, 8,2
щелочек,4,1, 8,1
щелочка,6,1
щелочках,4,1
щелочки,4,1
щелочку,6,2, 9,1
щелчка,9,1
щелчки,1,1, 6,2
щелчок,6,1, 7,2, 9,1
щель,1,2, 4,2, 5,1, 6,4, 8,1
щелями,8,1
щемило,0,1, 6,1
щемящая,4,1
щенка,6,3
щенке,6,1
щенки,9,1
щенком,5,1, 6,1
щенок,6,1
щеночек,6,2
щеночка,6,1
щенсливым,6,1
щепе,8,1
щепетильность,8,2, 9,1
щепка,0,1, 3,2, 9,1
щепке,9,1
щепки,2,2, 6,1, 7,1, 9,1
щепкой,3,2
щепку,2,1, 5,1, 9,1
щепотку,0,1
щепоть,0,1, 1,1
щербатова,3,2
щербатого,3,1
щербатый,3,3
щербинин,2,1, 3,5
щербинина,2,2, 3,1
щетинистую,0,1
щетиной,4,2
щетиною,4,2
щетка,4,3
щеткам,3,1
щетками,4,1
щетке,4,1
щетки,4,2, 6,1
щеткой,2,1, 4,2, 6,1
щетку,2,1, 4,14, 9,1
щечками,9,1
щечках,8,1
щечке,8,2
щечки,1,2, 8,3
щи,8,2
щиколках,3,1
щиколку,2,1
щиколотки,4,1
щиколотку,4,1
щипал,4,1
щипала,7,1, 8,2
щипался,2,1
щипанная,3,1
щипанье,0,1
щипать,6,2
щипки,4,1
щипцами,4,1, 7,1
щипцов,9,1
щипцом,1,1
щипцы,4,1, 7,2
щит,0,1, 2,1, 4,1
щитам,2,1
щитами,2,1
щите,7,2
щитком,4,1
щитов,2,1
щитом,4,1
щиты,2,1, 4,1
щку,5,1
щлкали,5,1
щлками,5,1
щупал,0,1, 2,1, 7,1, 8,1
щупальцами,4,1
щупать,0,1, 7,1
щурившийся,3,1
щурил,3,1, 5,1
щурилась,4,2
щурился,3,1, 4,2
щурится,4,1
щуря,3,2
щурясь,0,2, 1,1, 2,1, 4,6, 5,2
ъ,0,1, 9,1
ы,0,1
ыоказали,2,1
ь,0,1, 2,1, 3,1
э,0,7, 1,5, 2,3, 3,4, 4,10, 6,21, 7,4, 8,1, 9,28
эвклидовой,6,2
эвклидовская,6,1
эвклидовский,6,1
эвклидовского,6,1
эвклидовскому,6,1
эвклиду,6,1
эвона,6,2, 7,3, 9,1
эврика,7,1, 9,1
эге,6,2, 7,4, 9,2
эгеге,4,3
эгоизм,0,1, 2,1, 3,1, 6,1, 7,3, 8,5
эгоизма,0,1, 3,1, 7,5, 8,6, 9,1
эгоизме,1,1
эгоизмом,1,1, 8,1, 9,1
эгоизму,6,1
эгоист,6,1, 8,2, 9,2
эгоисте,9,1
эгоистический,3,1
эгоистических,8,1
эгоистического,6,1
эгоистическое,8,1
эгоистическою,9,1
эгоистичны,7,1
эгоистка,8,3, 9,1
эгоисткой,9,1
эгоистом,6,1, 9,1
эгоисту,8,1
эгоисты,0,3, 1,1, 6,1
эдак,0,1, 1,1, 2,1, 6,1, 7,2, 8,9
эдакая,8,3
эдакие,8,1
эдакий,7,1
эдаким,8,1
эдакими,6,1
эдакимито,8,1
эдакое,1,1, 8,2
эдакой,2,1, 3,1, 7,1
эдакойто,8,1
эдаком,8,1
эдакую,7,1
эдуард,1,1
эдуардто,1,1
эзопу,6,1
эй,0,5, 1,5, 2,5, 3,5, 4,2, 5,3, 6,7, 7,6, 9,4
эйгейгейго,5,6
эйдткунена,7,1
эйзеншмидт,6,1
эйлау,1,1
эйн,4,3
эйнема,4,1
эйфелевой,4,1
эйхен,3,1
эйхена,3,1
эк,0,2, 6,2, 7,5, 9,3
эка,0,1, 2,1, 3,6, 5,1, 6,1, 9,3
экагстгаузена,3,1
экая,0,1, 1,2, 3,3, 7,6, 8,1, 9,4
экваторе,7,1
экзальтации,9,1
экзальтацию,9,1
экзальтация,9,1
экзамен,0,1, 1,1, 6,1, 7,3, 9,2
экзаменатору,0,1
экзаменах,1,1
экзамену,0,1
экзаменуете,9,2
экзамены,1,3
экзекуция,2,2
экземпляр,0,1, 4,3, 6,1, 7,2, 8,1, 9,1
экземпляра,4,1
экземплярах,4,2
экземпляров,3,1, 9,4
экземпляром,9,1
экземплярчик,9,1
экземпляры,4,2, 9,1
эки,0,1
экие,2,1, 6,1
экипаж,0,1, 1,2, 2,7, 3,2, 6,1, 7,9, 9,4
экипажа,0,3, 1,2, 2,5, 3,1, 8,1, 9,6
экипажам,9,1
экипажами,0,1, 2,2, 9,1
экипажах,0,1, 6,3, 9,2
экипаже,0,2, 1,1, 6,1, 9,2
экипажей,0,1, 2,4, 9,1
экипажи,0,2, 1,2, 2,14, 3,4, 6,2, 7,1, 9,1
экипажу,7,1
экипироваться,7,1
экмюльский,3,2
экмюльским,2,2
экое,0,1, 6,3, 9,2
экой,0,2, 3,1, 6,13, 7,1, 9,2
эконом,1,2, 6,1, 9,1
эконома,1,1
экономией,7,1, 9,1
экономизируя,6,1
экономии,3,1
экономист,4,2
экономиста,4,1
экономистаплановика,4,1
экономистом,4,1
экономистплановик,4,3
экономисту,4,1
экономическая,7,1
экономические,0,1, 9,1
экономическим,9,1
экономических,1,1, 3,2
экономическое,7,1
экономическом,7,1
экономия,4,1
экономка,1,1
экономки,7,1
экономкойнемкой,8,1
экономову,0,2
экономовым,0,1
эконому,1,1
экономы,1,1
экосез,1,1, 3,1
экосеза,0,2, 1,1
экосезы,1,1, 3,2
экран,7,1
экранизаций,6,1
экранизированная,7,1
эксельбантом,1,1
экскурсию,4,1
экскурсия,4,1
экспансивен,6,1
экспансивна,9,1
экспансивнее,6,1
экспансивничать,6,1
экспансивно,6,2
экспансивного,6,1
экспансивность,7,1
экспансивностью,7,1, 9,1
экспансивный,4,1
экспансивным,6,1
экспатрироваться,9,1
экспедиции,0,2, 3,2, 9,1
экспедицию,3,2, 9,1
экспедиция,0,1, 2,1, 5,1, 9,1
эксперта,6,2
экспертами,6,1
экспертиза,6,4
экспертизе,6,1
экспертизу,6,1
экспертов,6,2, 7,2
эксплуататору,9,1
эксплуататорхозяин,9,1
эксплуатации,5,1
эксплуатировать,6,1, 7,2
эксплуатирует,9,2
экстазная,6,1
экстракт,9,1
экстрафеферу,6,2
экстренное,6,1
экстренном,7,1
экстренному,6,1
экстренную,9,1
экстренные,8,2
экстренный,9,3
экстренным,9,1
экстренными,9,1
экстренных,7,1, 9,3
эксцентрик,6,1
эксцентрическая,6,1, 7,2, 8,1
эксцентрический,6,1, 7,2
эксцентрическими,7,1
эксцентрических,6,1, 9,1
эксцентрическое,7,1, 9,1
эксцентрическою,7,1
эксцентричная,9,1
эксцентрично,7,1
эксцентричности,7,1
эксцентричность,7,2, 8,1
эксцентричностями,7,1
эксцентричною,7,1
эластичные,3,1
элегантно,2,1
элегантной,1,1
элегантном,0,1
элегантною,6,1
электрические,4,2
электрический,3,1, 4,3
электрическим,4,1
электрических,4,1
электрического,4,3
электрической,0,1, 8,1
электричества,3,3
электричество,3,2, 4,2
электричеством,3,1, 4,2
элемент,6,1, 9,3
элемента,1,1, 6,1, 9,1
элементам,3,2, 6,1
элементе,6,1
элементов,6,1, 9,1
элементом,7,1
элементы,2,2, 6,3
элен,0,47, 1,63, 2,50, 3,5
элли,5,493
эллиной,5,1
эллиных,5,1
элоиза,0,1
элоизы,0,1
элоим,1,1
эльбу,3,1
эльхингенский,2,1
эмали,4,1
эманация,6,1
эмансипацию,6,1
эмансипироваться,6,1
эманципации,0,1
эманципацию,6,1
эмблема,6,2, 9,1
эмблему,9,1
эмигрант,1,1, 2,1, 4,1, 7,1
эмигрантки,8,1
эмигранткойфранцуженкой,1,1
эмигрантов,0,1, 9,2
эмигрантом,0,1, 7,1, 9,1
эмигрантском,9,2
эмигранту,7,1
эмиграцию,9,1
эмигрировать,9,1
эмигрируйте,9,1
эмиссара,9,1
эмпиреях,7,1
эмпирик,4,1
энанта,4,2
энанте,4,2
энгиенский,0,2
энгиенского,0,2, 3,1
энглизированной,0,4
энглизированном,2,1
эне,1,1
энергией,0,1, 1,2, 2,1, 3,2, 7,1, 8,1, 9,1
энергии,0,2, 1,2, 2,1, 3,3, 4,2, 6,1, 9,2
энергическая,1,1, 2,2
энергически,0,2, 2,1, 6,5, 7,1, 8,1, 9,6
энергические,1,1, 2,1
энергический,2,1, 6,1
энергическим,1,2, 2,3, 7,1
энергическими,3,1
энергическитвердо,1,1
энергической,3,1
энергическою,9,1
энергичная,7,1
энергичнее,0,3, 1,1, 7,1, 8,1
энергично,1,1, 2,1, 4,3, 5,1, 6,1
энергичному,0,1
энергичные,4,1
энергию,1,1, 2,1, 3,2, 9,3
энергия,0,1, 3,1, 6,1, 8,1, 9,1
энс,0,2
энса,0,5
энсарида,4,1
энский,0,1
энском,0,1
энтузиазм,2,1, 6,1, 9,3
энтузиазма,6,1
энтузиазме,0,1
энтузиазмом,6,1, 7,1, 9,1
энтузиаст,9,2
энтузиастка,8,1
энтузиасткой,0,2
эпиграммой,7,1
эпиграмму,6,1
эпиграммы,6,1
эпиграф,7,2
эпиграфом,9,1
эпидемии,9,2
эпидермы,6,1
эпизод,2,4, 3,2, 6,11, 7,2
эпизода,6,3, 9,1
эпизоде,6,3, 9,1
эпизодных,6,1
эпизодов,2,1, 3,1
эпизодом,3,1, 4,1, 7,1
эпизоду,4,1, 7,1
эпикуреец,7,1
эпилепсии,7,2
эпилепсия,8,1
эпилептик,6,1, 9,2
эпилептика,6,2, 7,1
эпилептике,6,1
эпилептиков,6,1
эпилептический,6,1
эпилептическое,7,1
эпилептическом,7,1
эпилог,3,1, 4,1, 6,2, 8,1
эпилогом,8,1
эпилогчасть,3,1
эпитафию,6,1
эпитимии,6,1
эпитрахиль,6,2
эпитрахилью,6,1
эполет,0,2, 7,1
эполетами,3,1
эполетах,0,1
эполетахто,6,1
эполетой,1,1
эполеты,0,3
эпоха,7,1
эпохи,6,4, 9,1
эпохой,1,1, 2,1
эпоху,9,4
эра,1,2
эркелева,9,1
эркелем,9,1
эркель,9,42
эркелю,9,5
эркеля,9,12
эрнестине,9,1
эрнестины,9,1
эрнестом,9,1
эрудицию,4,1
эрфурт,1,1
эрфурта,1,1
эрфурте,1,3
эрфуртом,3,1
эрцгерцог,0,7
эрцгерцога,0,5
эрцгерцогини,0,1
эрцгерцогиня,0,1
эрцгерцогом,0,1
эрцгерцогства,0,1
эрцгерцогу,0,1
эры,6,1
эсаул,3,16
эсаула,3,5
эсаулом,3,5
эсаулу,3,6
эскадгону,0,1
эскадрон,0,18, 1,2, 2,4
эскадрона,0,11, 1,3, 2,5
эскадронами,1,2
эскадроне,0,1, 1,1, 7,1
эскадронного,0,1, 1,1
эскадронному,0,1
эскадронный,2,2
эскадронным,0,1
эскадроном,0,4, 1,1, 3,1
эскадрону,0,5, 2,1
эскалоп,4,1
эскапада,6,1
эскападу,6,1
эспаньолке,4,1
эссена,0,1
эссенции,1,1
эстампа,7,1
эстампы,7,1
эстафет,6,2
эстафета,6,1
эстафеты,6,1
эстетик,9,1
эстетика,9,1
эстетики,6,1
эстетические,9,1
эстетический,9,1
эстетических,6,1
эстетическое,6,1, 9,2
эстонских,4,1
эстрада,4,1, 9,1
эстраде,4,3, 9,8
эстрадой,6,1, 9,1
эстраду,9,10
эстрады,9,9
эсфири,6,1
эта,0,37, 1,66, 2,56, 3,68, 4,55, 5,6, 6,182, 7,117, 8,59, 9,100
этаж,1,1, 4,10, 7,3, 8,4, 9,1
этажа,0,1, 2,2, 4,9, 7,2, 8,6, 9,2
этажам,4,1
этажах,4,2, 9,1
этаже,1,2, 4,16, 6,2, 7,7, 8,7, 9,1
этажей,7,1
этажерках,7,1
этажи,4,2, 6,1
этажом,4,1
этажу,4,1
этак,0,1, 1,2, 2,2, 3,2, 4,1, 6,18, 7,19, 9,15
этакая,2,1, 6,4, 7,2, 9,1
этакаято,9,1
этакие,2,1, 6,4, 7,5, 9,1
этакието,7,1
этакий,6,2, 7,1
этаким,6,3, 7,1, 8,1
этакими,9,1
этакимито,9,1
этаких,6,10, 7,2, 8,1
этакихто,6,1
этакого,6,2, 7,1, 9,2
этакогото,7,1
этакое,6,2, 7,1
этакоето,7,1
этакой,1,1, 6,4, 7,8, 9,1
этакойто,7,1, 9,1
этаком,7,1
этакому,6,2, 7,1
этакою,7,1
этакто,6,1, 7,1
этакую,6,5, 7,4, 9,4
этапа,6,1
этапе,6,1
этапный,6,1
этато,0,1, 1,2, 3,1, 6,1, 7,1, 9,3
эти,0,90, 1,92, 2,131, 3,128, 4,75, 5,8, 6,293, 7,197, 8,97, 9,162
этикет,7,2, 9,1
этикета,6,1, 9,1
этикетки,4,3
этикетом,6,1
этики,3,2
этикосоциальная,8,1
этим,0,42, 1,42, 2,55, 3,46, 4,40, 5,11, 6,95, 7,75, 8,41, 9,43
этими,0,8, 1,11, 2,12, 3,17, 4,10, 5,4, 6,21, 7,16, 8,8, 9,10
этимито,6,1
этимто,0,2, 3,1, 6,1, 7,1, 9,1
этито,0,1, 1,1, 3,1, 6,3, 7,4, 8,1, 9,1
этих,0,74, 1,49, 2,98, 3,86, 4,51, 5,9, 6,130, 7,69, 8,29, 9,55
этихто,6,2
этической,3,1
этнографический,9,1
этнографических,3,1
это,0,578, 1,662, 2,662, 3,664, 4,644, 5,157, 6,2526, 7,1684, 8,975, 9,1378
этого,0,153, 1,218, 2,199, 3,224, 4,229, 5,24, 6,291, 7,242, 8,147, 9,182
этогос,6,2
этогото,0,1, 1,1, 2,5, 3,3, 6,13, 7,4, 9,5
этоде,6,1
этой,0,70, 1,69, 2,107, 3,64, 4,81, 5,12, 6,164, 7,123, 8,73, 9,82
этойто,1,1, 3,2, 6,1, 7,1, 8,2, 9,1
этом,0,63, 1,102, 2,96, 3,84, 4,115, 5,19, 6,271, 7,307, 8,153, 9,178
этомто,0,3, 3,2, 4,3, 6,6, 7,3, 8,5, 9,1
этому,0,26, 1,30, 2,28, 3,37, 4,34, 5,3, 6,66, 7,52, 8,17, 9,34
этомуто,1,1, 6,2, 7,1, 8,1
этос,6,3, 9,2
этот,0,129, 1,159, 2,174, 3,147, 4,169, 5,20, 6,420, 7,294, 8,124, 9,235
этотде,6,1
этото,0,6, 1,1, 2,2, 3,10, 4,3, 6,23, 7,15, 8,17, 9,12
этотто,0,1, 1,2, 3,1, 6,3, 7,1, 8,2, 9,4
этою,0,9, 1,2, 2,1, 3,2, 6,22, 7,22, 8,2, 9,14
этта,6,6
этто,6,1
эту,0,75, 1,78, 2,60, 3,40, 4,48, 5,7, 6,259, 7,160, 8,86, 9,108
этуто,2,3, 6,2, 7,4, 9,1
этюд,9,1
эфемерно,7,1
эфемерного,8,1
эфемерное,8,1
эфесом,3,1
эфика,6,4
эфикой,6,1
эфира,3,1, 4,1
эфирето,6,1
эфирной,4,1
эфиром,4,1
эфтовос,7,1
эфтого,7,1
эфтом,7,1
эфтот,7,1
эффект,4,1, 6,4, 7,3, 8,2, 9,8
эффекта,2,1, 4,1, 6,3, 7,1, 9,4
эффектами,9,1
эффектен,7,1
эффектна,7,1
эффектная,7,1
эффектно,7,2, 9,1
эффектной,6,1
эффектов,6,1
эффектом,6,1, 7,2, 9,1
эффекту,7,1
эх,0,3, 1,6, 2,9, 3,1, 4,11, 5,2, 6,20, 7,10, 8,4, 9,19
эхидный,7,1
эхма,3,1, 9,1
эхо,4,4, 5,1
эхх,4,1
эххохо,4,1
эцельсдорфа,0,1
эшафот,6,4, 7,7
эшафота,6,1, 7,2
эшафоте,6,1, 7,1
эшафотом,6,1
эшафоту,6,1
эшелонами,0,1
ээ,2,1
ээх,6,4, 7,6, 8,2, 9,5
эээх,7,1, 8,1
ю,0,3, 2,1, 4,3, 8,1
юбилейным,4,1
юбилея,7,1
юбка,8,1
юбках,1,1
юбке,1,1, 2,1, 4,1, 6,1, 9,1
юбки,1,1, 8,2
юбкой,1,1
юбкою,0,1
юбку,0,1, 1,2, 2,2, 4,1, 6,1
юбок,2,1
юбочке,4,1
юбочки,0,1
ювелир,9,1
ювелира,4,1
ювелирами,5,1
ювелирская,9,1
ювелирши,4,2
ювелиршиной,4,4
ювелиршином,4,2
ювелиршины,4,1
ювелиршиных,4,1
юг,4,3, 5,2, 6,2, 7,1
юга,9,1
юговосток,2,2
югу,3,1, 4,1
юже,2,2
южная,0,1, 1,1, 4,1
южнее,2,1, 3,3
южного,0,1, 1,1, 6,1
южной,8,1
южном,4,1, 8,1
южные,1,1
южным,4,1
южными,4,1
юлившего,9,1
юлией,9,8
юлии,6,1, 9,79
юлиито,9,1
юлий,8,2
юлил,9,1
юлить,4,1
юлию,6,3, 9,17
юлия,0,2, 6,6, 8,3, 9,99
юльнер,2,1
юля,9,1
юмор,4,1, 6,1, 7,1, 9,2
юмора,7,1, 8,1, 9,2
юмориста,7,1
юмористическая,7,1
юмористических,7,1
юмористического,9,1
юмористическом,9,1
юмористов,7,1
юмором,9,2
юмору,4,1, 7,1, 9,1
юн,6,1
юная,4,1, 5,2
юнкег,0,1
юнкер,0,10
юнкера,0,4
юнкерах,7,1
юнкеров,0,1, 7,1
юнкером,0,2, 1,1
юнкерочком,6,1
юнкерская,0,1
юнкерском,0,1
юнкерства,7,1
юнкеру,0,3
юно,6,1
юного,4,1, 6,2, 8,1, 9,1
юное,5,1, 6,1
юной,5,1, 6,2, 7,1
юности,2,1, 3,1, 5,1, 6,10, 7,3, 8,2, 9,2
юность,6,4, 7,2, 9,1
юностью,6,1
юноша,0,6, 4,1, 6,23, 7,4, 9,3
юношами,9,2
юноше,0,1, 6,6
юношедемону,4,1
юношей,4,2, 6,6, 9,2
юношеская,6,2
юношеские,8,1
юношеского,1,1
юношеское,6,1
юношеской,8,1
юношества,1,1, 9,1
юношеством,9,1
юношеству,9,2
юношею,6,1
юноши,1,1, 6,8, 7,1
юношу,0,1, 4,1, 6,3, 8,1
юную,6,1
юные,5,1, 6,2
юный,6,4, 8,3, 9,3
юныйто,6,1
юным,6,3
юных,2,1, 6,1, 9,1
юпитер,6,1
юпитера,6,1
юпитером,7,1, 9,1
юпитеру,9,1
юпочка,6,1
юраге,1,2
юридически,4,1, 6,1, 7,2, 9,4
юридические,7,1
юридический,6,1
юридического,6,1, 7,2
юридическое,1,1, 4,1, 7,4
юридической,4,1
юридическом,3,2, 6,2, 7,2
юрий,1,1
юристов,6,3
юристом,7,1
юристы,6,4
юрия,8,1
юркнула,8,2
юродивая,6,2
юродивого,4,1, 6,3, 9,1
юродивой,6,1
юродивому,6,1
юродивую,9,1
юродивые,1,1, 6,1
юродивый,1,1, 6,5, 7,1
юродивым,6,2
юродивыми,7,1
юродивых,6,3, 7,1
юродливый,6,1
юродливым,6,1
юродства,6,1
юродството,6,1
юродствуя,6,1
юрот,2,1
юстиниана,1,1
юстицией,6,1
юстиция,6,1
юсупова,2,1
юсуповой,1,1
ютился,6,1
юхнов,3,1
юхнове,1,2
я,0,859, 1,1097, 2,646, 3,498, 4,864, 5,489, 6,4228, 7,3397, 8,3268, 9,3411
ябедник,4,1
ябеды,4,1
яблоками,1,1, 4,1
яблоки,1,1, 6,2, 8,3
яблоко,0,2, 2,3, 3,2, 6,3, 8,2, 9,3
яблоньке,6,1
яблонями,6,1
яблочко,6,1
яблочное,0,1
явен,6,1
яви,2,1
явившаяся,7,1
явившегося,9,1
явившиеся,7,1
явившийся,2,1, 4,1, 6,1, 7,3, 9,1
явившись,1,1, 4,1, 6,1, 9,1
явившихся,2,1, 9,1
явилась,0,2, 2,1, 3,1, 4,5, 6,11, 7,7, 8,3, 9,11
явились,0,2, 1,1, 3,1, 4,2, 6,10, 7,6, 8,2, 9,12
явилось,1,2, 3,1, 6,7, 7,4, 8,2, 9,4
явился,0,5, 1,5, 2,3, 3,7, 4,17, 5,4, 6,20, 7,33, 8,15, 9,24
явимся,6,2
явись,6,3, 7,1
явися,6,1
явитесь,4,1, 5,2, 9,3
явится,0,1, 1,1, 5,1, 6,8, 7,2, 8,1, 9,4
явиться,0,1, 1,2, 2,1, 6,13, 7,5, 8,2, 9,6
явишься,6,1
явках,7,1
явки,1,1
явление,0,1, 2,2, 3,14, 4,3, 6,3
явлении,2,1, 3,1, 6,1
явлений,1,1, 2,4, 3,15, 4,1
явлению,3,2, 4,1, 6,1
явления,1,1, 2,3, 3,5, 4,1, 6,1
явлениям,4,1
явлениями,3,1, 4,1, 6,1
явлениях,2,1, 9,1
явленного,2,1
явленному,2,1
явленных,6,1
явлены,6,1
явлюсь,5,1, 6,2, 9,1
являвшейся,4,1
являвшихся,1,1
являем,1,1
являемся,6,1
являет,3,1, 7,1
являетесь,4,1, 9,1
является,0,1, 1,1, 2,1, 3,10, 4,5, 6,8, 7,2, 8,3, 9,6
являйся,9,1
являла,0,1
являлась,1,1, 3,1, 6,2, 7,2, 9,6
являлись,2,1, 4,1, 7,3, 9,4
являлось,0,1, 3,1, 4,2, 6,2
являлся,0,1, 2,1, 3,1, 4,3, 5,1, 6,2, 7,9, 8,2, 9,7
являться,0,1, 3,1, 4,1, 6,3, 7,4, 8,1, 9,2
являю,6,1
являюсь,4,4, 6,1
являются,2,1, 3,3, 6,1, 7,1, 9,2
являясь,6,1, 9,1
явная,4,1, 9,1
явно,3,1, 4,9, 6,9, 7,5, 9,10
явного,7,1
явное,6,1, 7,1, 9,2
явной,4,3, 7,1
явното,6,1
явною,4,1, 6,2, 7,2, 8,1, 9,1
явную,6,1, 8,1, 9,2
явные,9,4
явный,7,1, 8,1, 9,4
явным,5,1, 8,1, 9,3
явных,6,1
явственнее,2,1, 9,1
явственно,1,1, 2,2, 3,2, 4,2, 5,1, 6,3
явственновидневшаяся,0,1
явственной,4,1
явственным,7,1
явясь,6,1
явят,6,1
явятся,5,1, 6,1, 9,2
ягненок,4,1
ягода,6,1
ягодка,9,1
ягодки,9,1
ягодой,6,1
ягоды,6,1
яд,3,1, 4,1, 8,1
яда,1,1, 2,1
яде,4,1, 6,1
ядер,0,4, 2,2
ядим,6,1
ядовитая,1,1, 9,1
ядовитейшей,8,1
ядовитейшими,7,1
ядовитейшую,7,1
ядовито,3,1, 4,3, 6,1, 7,4, 9,3
ядовитого,7,1
ядовитое,7,1, 9,1
ядовитой,9,1
ядовитую,9,1
ядовитые,5,1, 9,1
ядовитый,8,1, 9,1
ядовитым,4,1, 6,1, 7,1
ядовитых,1,1
ядом,4,1, 6,1, 9,2
ядра,0,9, 2,11, 3,2
ядрам,0,1
ядрами,0,2
ядро,0,16, 2,8
ядром,0,1, 2,2
ядрото,0,1
ядры,0,1
яду,4,4, 7,2, 9,3
яже,2,1, 6,2
язва,4,1, 7,1
язвами,6,1
язвило,6,1
язвителен,9,1
язвительная,6,1, 7,1
язвительнее,0,1
язвительно,3,1, 6,1, 7,5, 8,1, 9,4
язвительное,7,1, 9,1
язвительною,9,1
язвительны,0,1, 6,1
язвительные,4,1, 7,1
язвить,7,1, 8,1
язвой,4,1, 6,1
язвы,6,3, 9,1
язык,0,4, 1,3, 2,5, 3,3, 4,8, 6,5, 7,6, 8,7, 9,17
языка,1,1, 2,5, 3,4, 4,1, 5,1, 6,5, 7,3, 8,1, 9,6
языках,4,3
языке,0,5, 1,2, 2,1, 3,4, 4,3, 6,1, 7,3, 9,2
языкето,9,1
языки,2,1, 4,2, 6,4, 7,1
языков,2,1, 3,1, 4,2
языком,0,2, 1,4, 2,4, 3,1, 4,4, 6,12, 7,4, 8,1, 9,9
языкто,8,1
языку,2,1, 6,2
языческим,6,1
языческого,6,2
языческое,6,2
языческой,6,2
язычка,4,1
язычки,4,1
язычком,5,1
язычник,9,1
язычок,3,1, 7,1
яички,6,1
яичница,2,1
яичницу,5,1, 6,2
яичницы,6,1
яичную,5,1
яйца,1,1, 2,3, 3,1, 4,1, 6,1
яйцакокотт,4,1
яйцом,2,1
як,6,1
яко,2,6, 3,1, 6,6
якобинец,0,1
якобы,1,1, 4,4, 6,2
яков,0,2, 2,15
яковлева,3,2
яковлевич,9,31
яковлевича,9,6
яковлевиче,9,1
яковлевичу,9,2
яковлевым,3,1
якоже,6,1
якорь,6,1
якоря,7,1
якшайся,6,1
ялта,4,8
ялте,4,10
ялтинский,4,2
ялтинском,4,1
ялтинскому,4,1
ялтой,4,3
ялту,4,8
ялты,4,9
яма,3,2, 4,1, 5,1
ямами,0,1
яме,1,2, 2,2, 3,1
ямочками,1,1, 2,1
ямочки,1,1
яму,2,1, 3,4, 4,1, 5,1, 6,1
ямщик,1,3, 3,1, 6,11
ямщика,1,2, 3,1, 6,2
ямщиками,6,1
ямщики,6,2
ямщиков,1,1
ямщиком,6,2
ямщику,0,1, 1,2, 6,2
ямы,3,3, 5,1
январе,3,1
январь,1,1
январьиюль,8,1
января,1,3, 3,2, 4,1
янкове,2,2
янково,2,1
янтарь,0,3
японских,4,1
японцев,7,1
яркая,1,1, 6,1, 7,1, 8,1
яркие,3,1, 7,1
яркий,1,3, 2,2, 3,3, 4,1, 8,4, 9,1
ярким,0,1, 5,1, 6,1, 7,3, 8,1
яркими,2,1, 8,1
ярких,2,1, 3,1, 4,1, 5,1, 7,1, 9,1
ярко,0,5, 1,3, 2,7, 3,5, 4,3, 5,5, 6,8, 7,2, 8,5, 9,1
яркобелые,3,1
яркобелым,1,1
яркого,0,1, 1,1, 2,2, 5,1, 8,1, 9,1
яркое,0,2, 2,1, 3,2, 4,1, 7,2, 8,1
яркожелтый,6,1
яркозелено,1,1
яркозеленого,7,1
яркозеленым,0,1
яркозеленых,1,1
яркозелного,5,1
яркозелный,5,1
яркой,1,1, 2,2
яркокрасного,9,1
яркокрасными,1,1
ярколиловом,2,1
ярком,0,1, 1,2, 2,4, 3,2, 4,1, 7,1, 9,1
яркорозовые,5,1
яркосиней,3,1
яркостью,2,1
яркую,1,1, 6,1, 7,1
ярлык,9,1
ярлыки,2,2
ярлычки,1,1
ярманку,1,1
ярмарка,1,1
ярмаркам,5,1
ярмарками,6,1
ярмарках,6,1, 9,1
ярмарке,6,1
ярмарки,5,1, 6,2
ярмарку,2,1, 5,3, 6,1
ярмарок,6,1
ярмарочной,4,1
ярмо,4,1
ярового,1,1, 2,1
яровое,3,1
яровой,2,1
ярок,9,1
ярославец,3,1
ярославле,3,4, 4,1
ярославль,3,5
ярославлю,3,2
ярославца,3,1
яростен,4,1
ярости,4,4, 5,2, 6,6, 7,3, 9,4
яростию,7,1, 8,3
яростная,6,2
яростнее,9,1
яростно,4,2, 5,2, 6,7, 9,10
яростного,9,1
яростною,9,1
яростные,4,1
яростный,8,1
яростным,5,2, 6,1, 9,1
ярость,2,1, 4,4, 7,1, 8,1, 9,1
яростью,4,1, 6,2, 7,1, 9,1
ярус,4,2
ярусе,4,1
ярчайшей,4,1
ярче,1,1, 3,1, 4,1, 5,2, 7,1, 8,1
ярые,6,2
яс,6,6, 8,1, 9,1
ясен,2,1, 4,3, 6,2, 8,2, 9,1
ясна,2,1, 3,1, 4,1, 6,1, 9,1
ясная,2,1, 3,1, 6,2, 7,2, 8,1, 9,2
ясневельможный,6,3
яснее,0,4, 1,1, 2,4, 3,7, 4,1, 6,2, 7,8, 8,2, 9,2
ясней,6,1
ясно,0,29, 1,39, 2,30, 3,20, 4,22, 5,1, 6,60, 7,54, 8,18, 9,42
ясного,0,2, 1,2, 2,2, 3,3, 6,1, 7,1, 8,2, 9,3
ясное,0,4, 2,1, 3,3, 6,4, 7,6, 8,1, 9,7
ясной,0,1, 2,1, 7,1, 8,2
ясном,0,1, 1,1, 2,1, 6,2, 7,1, 9,1
ясному,6,1
ясности,0,1, 3,2, 6,1, 7,4
ясность,0,1, 1,1, 8,1
ясностью,0,1, 1,1, 2,6, 3,1, 4,1, 6,1, 7,1, 9,1
ясною,2,1, 8,1, 9,2
ясную,2,1, 6,1, 7,1
ясны,0,1, 1,3, 3,2, 9,1
ясные,0,1, 2,2, 3,1, 4,2, 6,3, 8,3
ясный,0,1, 1,1, 2,2, 3,3, 4,3, 6,6, 7,4, 8,5, 9,3
ясным,2,2, 4,1, 6,2, 7,1, 8,1, 9,3
ясными,0,2
яства,2,1, 4,2
яствами,3,1, 4,2
ясти,6,2
ястреб,9,1
ястребиные,0,1
ятагана,9,1
ятаки,8,2
ято,0,1, 3,2, 4,5, 5,3, 6,33, 7,15, 8,13, 9,14
яты,0,1
яузского,2,1
яузском,2,1, 3,1
яузскому,2,2
яффе,0,1
яффской,4,4
яффу,4,1
яхонтовом,6,1
яхонтовые,0,1
ячмень,2,1
ячменя,7,1
ящериц,4,2
ящик,0,1, 1,1, 2,4, 4,3, 6,16, 7,1, 9,9
ящика,2,8, 4,3, 6,2, 7,2, 8,1, 9,2
ящикам,2,1
ящиками,0,1, 3,1
ящиках,7,1
ящике,2,2, 4,4, 6,1, 7,2
ящики,2,3, 3,1, 4,2, 9,1
ящиков,0,1, 2,1, 8,1
ящику,2,1
ящичек,3,1, 9,1
ящичками,6,1